1532987814.747901,0
1532987814.772198,0
1532987814.796963,0
1532987814.819514,0
1532987814.842500,0
1532987814.862030,0
1532987814.879494,0
1532987814.897174,0
1532987814.915524,0
1532987814.933540,0
1532987814.952387,0
1532987814.970635,0
1532987814.991013,0
1532987815.009818,0
1532987815.027929,0
1532987815.043931,0
1532987815.060059,0
1532987815.076562,0
1532987815.092918,0
1532987815.111096,0
1532987815.128037,0
1532987815.145931,0
1532987815.164281,0
1532987815.182946,0
1532987815.202675,0
1532987815.221564,0
1532987815.239718,0
1532987815.262300,0
1532987815.280515,0
1532987815.299186,0
1532987815.320717,0
1532987815.340581,0
1532987815.358943,0
1532987815.377749,0
1532987815.396322,0
1532987815.414138,0
1532987815.435178,0
1532987815.453295,0
1532987815.475896,0
1532987815.494670,0
1532987815.513106,0
1532987815.531761,0
1532987815.550141,0
1532987815.568825,0
1532987815.586829,0
1532987815.604984,0
1532987815.623120,0
1532987815.642571,0
1532987815.660917,0
1532987815.678991,0
1532987815.698583,0
1532987815.718075,0
1532987815.735337,0
1532987815.754475,0
1532987815.770211,0
1532987815.786471,0
1532987815.802497,0
1532987815.818093,0
1532987815.833760,0
1532987815.849512,0
1532987815.865405,0
1532987815.881549,0
1532987815.897589,0
1532987815.914696,0
1532987815.932653,0
1532987815.950741,0
1532987815.968068,0
1532987815.987474,0
1532987816.005392,0
1532987816.022572,0
1532987816.045354,0
1532987816.062386,0
1532987816.080221,0
1532987816.097068,0
1532987816.113318,0
1532987816.129278,0
1532987816.145826,0
1532987816.162239,0
1532987816.179339,0
1532987816.197510,0
1532987816.215254,0
1532987816.233382,0
1532987816.251339,0
1532987816.268311,0
1532987816.285489,0
1532987816.302159,0
1532987816.320794,0
1532987816.338496,0
1532987816.354804,0
1532987816.371798,0
1532987816.388424,0
1532987816.404571,0
1532987816.422750,0
1532987816.439415,0
1532987816.456900,0
1532987816.475652,0
1532987816.494480,0
1532987816.511822,0
1532987816.528980,0
1532987816.546645,0
1532987816.563326,0
1532987816.580249,0
1532987816.597269,0
1532987816.613846,0
1532987816.631265,0
1532987816.649016,0
1532987816.666219,0
1532987816.683016,0
1532987816.699912,0
1532987816.716286,0
1532987816.732829,0
1532987816.748745,0
1532987816.765057,0
1532987816.781530,0
1532987816.797505,0
1532987816.813218,0
1532987816.829234,0
1532987816.845128,0
1532987816.861151,0
1532987816.877818,0
1532987816.894784,0
1532987816.911863,0
1532987816.928616,0
1532987816.945592,0
1532987816.962377,0
1532987816.979726,0
1532987816.997258,0
1532987817.015055,0
1532987817.032839,0
1532987817.050325,0
1532987817.068651,0
1532987817.087696,0
1532987817.106299,0
1532987817.125788,0
1532987817.144844,0
1532987817.164128,0
1532987817.183466,0
1532987817.201968,0
1532987817.223173,0
1532987817.241847,0
1532987817.258831,0
1532987817.275950,0
1532987817.292768,0
1532987817.310590,0
1532987817.328317,0
1532987817.344641,0
1532987817.362412,0
1532987817.380000,0
1532987817.397774,0
1532987817.415426,0
1532987817.433059,0
1532987817.451034,0
1532987817.469253,0
1532987817.488252,0
1532987817.507097,0
1532987817.523055,0
1532987817.540975,0
1532987817.557366,0
1532987817.574443,0
1532987817.591496,0
1532987817.610016,0
1532987817.628673,0
1532987817.645865,0
1532987817.662764,0
1532987817.680979,0
1532987817.697033,0
1532987817.713126,0
1532987817.729334,0
1532987817.748152,0
1532987817.765109,0
1532987817.780747,0
1532987817.797083,0
1532987817.813504,0
1532987817.829897,0
1532987817.845744,0
1532987817.862696,0
1532987817.879204,0
1532987817.895639,0
1532987817.912242,0
1532987817.929469,0
1532987817.945799,0
1532987817.962597,0
1532987817.979195,0
1532987817.995337,0
1532987818.011668,0
1532987818.028994,0
1532987818.045790,0
1532987818.063331,0
1532987818.081438,0
1532987818.098333,0
1532987818.114687,0
1532987818.131934,0
1532987818.149342,0
1532987818.166616,0
1532987818.184348,0
1532987818.201748,0
1532987818.218688,0
1532987818.235610,0
1532987818.251569,0
1532987818.267916,0
1532987818.285579,0
1532987818.301557,0
1532987818.318574,0
1532987818.335092,0
1532987818.351830,0
1532987818.368455,0
1532987818.384376,0
1532987818.401289,0
1532987818.417641,0
1532987818.434765,0
1532987818.451281,0
1532987818.467910,0
1532987818.484729,0
1532987818.502147,0
1532987818.519026,0
1532987818.535421,0
1532987818.552140,0
1532987818.569325,0
1532987818.586252,0
1532987818.603179,0
1532987818.620086,0
1532987818.636334,0
1532987818.653363,0
1532987818.670659,0
1532987818.687939,0
1532987818.705956,0
1532987818.723293,0
1532987818.740653,0
1532987818.757741,0
1532987818.774378,0
1532987818.792715,0
1532987818.810542,0
1532987818.827013,0
1532987818.843570,0
1532987818.859421,0
1532987818.876327,0
1532987818.893225,0
1532987818.909147,0
1532987818.926293,0
1532987818.942371,0
1532987818.958559,0
1532987818.974474,0
1532987818.991607,0
1532987819.007901,0
1532987819.025410,0
1532987819.043122,0
1532987819.059244,0
1532987819.077094,0
1532987819.093948,0
1532987819.111208,0
1532987819.128324,0
1532987819.146505,0
1532987819.163611,0
1532987819.181928,0
1532987819.220350,0
1532987819.262370,0
1532987819.287361,0
1532987819.306962,0
1532987819.325728,0
1532987819.343721,0
1532987819.363730,0
1532987819.382995,0
1532987819.401271,0
1532987819.420299,0
1532987819.439240,0
1532987819.457506,0
1532987819.476135,0
1532987819.494066,0
1532987819.512142,0
1532987819.530461,0
1532987819.550145,0
1532987819.568999,0
1532987819.589468,0
1532987819.609685,0
1532987819.629744,0
1532987819.649218,0
1532987819.669504,0
1532987819.688124,0
1532987819.706878,0
1532987819.725837,0
1532987819.745576,0
1532987819.764686,0
1532987819.783011,0
1532987819.801675,0
1532987819.820269,0
1532987819.838470,0
1532987819.858074,0
1532987819.876726,0
1532987819.894125,0
1532987819.911243,0
1532987819.928484,0
1532987819.945439,0
1532987819.962372,0
1532987819.979529,0
1532987819.996479,0
1532987820.015561,0
1532987820.032528,0
1532987820.050492,0
1532987820.067911,0
1532987820.084317,0
1532987820.102746,0
1532987820.119661,0
1532987820.137193,0
1532987820.154215,0
1532987820.171082,0
1532987820.188517,0
1532987820.205329,0
1532987820.222526,0
1532987820.241418,0
1532987820.258721,0
1532987820.275876,0
1532987820.292949,0
1532987820.309954,0
1532987820.327704,0
1532987820.345039,0
1532987820.361886,0
1532987820.378388,0
1532987820.395650,0
1532987820.413198,0
1532987820.429873,0
1532987820.446657,0
1532987820.464868,0
1532987820.481352,0
1532987820.498662,0
1532987820.517164,0
1532987820.535071,0
1532987820.553458,0
1532987820.571939,0
1532987820.590416,0
1532987820.608359,0
1532987820.651021,0
1532987820.694889,0
1532987820.718607,0
1532987820.739027,0
1532987820.758337,0
1532987820.778810,0
1532987820.798811,0
1532987820.818581,0
1532987820.838071,0
1532987820.859089,0
1532987820.879949,0
1532987820.899857,0
1532987820.919808,0
1532987820.939122,0
1532987820.958853,0
1532987820.978231,0
1532987820.997802,0
1532987821.016203,0
1532987821.035777,0
1532987821.054125,0
1532987821.074048,0
1532987821.092738,0
1532987821.111767,0
1532987821.130434,0
1532987821.149440,0
1532987821.167699,0
1532987821.187684,0
1532987821.206672,0
1532987821.225037,0
1532987821.243865,0
1532987821.264060,0
1532987821.283068,0
1532987821.303344,0
1532987821.322779,0
1532987821.341678,0
1532987821.361775,0
1532987821.382315,0
1532987821.403040,0
1532987821.422267,0
1532987821.441556,0
1532987821.463111,0
1532987821.481871,0
1532987821.503096,0
1532987821.523319,0
1532987821.544973,0
1532987821.564150,0
1532987821.584355,0
1532987821.606207,0
1532987821.626798,0
1532987821.646299,0
1532987821.666069,0
1532987821.686559,0
1532987821.706185,0
1532987821.726609,0
1532987821.746470,0
1532987821.766011,0
1532987821.786020,0
1532987821.805006,0
1532987821.823906,0
1532987821.846121,0
1532987821.865557,0
1532987821.885172,0
1532987821.906404,0
1532987821.927746,0
1532987821.948684,0
1532987821.968032,0
1532987821.988221,0
1532987822.008817,0
1532987822.029322,0
1532987822.048613,0
1532987822.067807,0
1532987822.089295,0
1532987822.109294,0
1532987822.128772,0
1532987822.148151,0
1532987822.169275,0
1532987822.189100,0
1532987822.208357,0
1532987822.228078,0
1532987822.249038,0
1532987822.268897,0
1532987822.289312,0
1532987822.310499,0
1532987822.332615,0
1532987822.351576,0
1532987822.370846,0
1532987822.391110,0
1532987822.411164,0
1532987822.435245,0
1532987822.455880,0
1532987822.476182,0
1532987822.496938,0
1532987822.517412,0
1532987822.539207,0
1532987822.559402,0
1532987822.580158,0
1532987822.601085,0
1532987822.621804,0
1532987822.642501,0
1532987822.663839,0
1532987822.683581,0
1532987822.702938,0
1532987822.724067,0
1532987822.743140,0
1532987822.761947,0
1532987822.780889,0
1532987822.799626,0
1532987822.819523,0
1532987822.838011,0
1532987822.856364,0
1532987822.877072,0
1532987822.896844,0
1532987822.916069,0
1532987822.935571,0
1532987822.955300,0
1532987822.974187,0
1532987822.993837,0
1532987823.012982,0
1532987823.031909,0
1532987823.050223,0
1532987823.069344,0
1532987823.088459,0
1532987823.107122,0
1532987823.125755,0
1532987823.145525,0
1532987823.165224,0
1532987823.183950,0
1532987823.203353,0
1532987823.222712,0
1532987823.242091,0
1532987823.262140,0
1532987823.282263,0
1532987823.302296,0
1532987823.322692,0
1532987823.342674,0
1532987823.362451,0
1532987823.383216,0
1532987823.402973,0
1532987823.423331,0
1532987823.443945,0
1532987823.463621,0
1532987823.483580,0
1532987823.503566,0
1532987823.522793,0
1532987823.542976,0
1532987823.564086,0
1532987823.585103,0
1532987823.605645,0
1532987823.626610,0
1532987823.646552,0
1532987823.666766,0
1532987823.686777,0
1532987823.710659,0
1532987823.730767,0
1532987823.751708,0
1532987823.772375,0
1532987823.793161,0
1532987823.815110,0
1532987823.834615,0
1532987823.854840,0
1532987823.875121,0
1532987823.895329,0
1532987823.916467,0
1532987823.937689,0
1532987823.956154,0
1532987823.975127,0
1532987823.998069,0
1532987824.017929,0
1532987824.038357,0
1532987824.058632,0
1532987824.078280,0
1532987824.097057,0
1532987824.116553,0
1532987824.136896,0
1532987824.158802,0
1532987824.179389,0
1532987824.201595,0
1532987824.221130,0
1532987824.239657,0
1532987824.260590,0
1532987824.281583,0
1532987824.301686,0
1532987824.322567,0
1532987824.342558,0
1532987824.363303,0
1532987824.386817,0
1532987824.406184,0
1532987824.426255,0
1532987824.445539,0
1532987824.465304,0
1532987824.485400,0
1532987824.505417,0
1532987824.525276,0
1532987824.545114,0
1532987824.564829,0
1532987824.584653,0
1532987824.604827,0
1532987824.625546,0
1532987824.645111,0
1532987824.663480,0
1532987824.681837,0
1532987824.699972,0
1532987824.718628,0
1532987824.739310,0
1532987824.761001,0
1532987824.783106,0
1532987824.803932,0
1532987824.823200,0
1532987824.842716,0
1532987824.864168,0
1532987824.883978,0
1532987824.905426,0
1532987824.928042,0
1532987824.948167,0
1532987824.967532,0
1532987824.988571,0
1532987825.008923,0
1532987825.028584,0
1532987825.048578,0
1532987825.068067,0
1532987825.087207,0
1532987825.105853,0
1532987825.125689,0
1532987825.145971,0
1532987825.166510,0
1532987825.185921,0
1532987825.205689,0
1532987825.224377,0
1532987825.245383,0
1532987825.266367,0
1532987825.288170,0
1532987825.310345,0
1532987825.331487,0
1532987825.352277,0
1532987825.373540,0
1532987825.393771,0
1532987825.413459,0
1532987825.434071,0
1532987825.454751,0
1532987825.475075,0
1532987825.494648,0
1532987825.515991,0
1532987825.536650,0
1532987825.557329,0
1532987825.579206,0
1532987825.599872,0
1532987825.619912,0
1532987825.638839,0
1532987825.657508,0
1532987825.676823,0
1532987825.697770,0
1532987825.718132,0
1532987825.739355,0
1532987825.758707,0
1532987825.778276,0
1532987825.797448,0
1532987825.817185,0
1532987825.836934,0
1532987825.856744,0
1532987825.875929,0
1532987825.895355,0
1532987825.914402,0
1532987825.933023,0
1532987825.951863,0
1532987825.970270,0
1532987825.988942,0
1532987826.008242,0
1532987826.026969,0
1532987826.046533,0
1532987826.064061,0
1532987826.081477,0
1532987826.121293,0
1532987826.140018,0
1532987826.157705,0
1532987826.175052,0
1532987826.192645,0
1532987826.212208,0
1532987826.229051,0
1532987826.247121,0
1532987826.265264,0
1532987826.283219,0
1532987826.301177,0
1532987826.319597,0
1532987826.337492,0
1532987826.355794,0
1532987826.398428,0
1532987826.443781,0
1532987826.475045,0
1532987826.506607,0
1532987826.535974,0
1532987826.566108,0
1532987826.599867,0
1532987826.621679,0
1532987826.644626,0
1532987826.664872,0
1532987826.685528,0
1532987826.706295,0
1532987826.727434,0
1532987826.748528,0
1532987826.769240,0
1532987826.788839,0
1532987826.808500,0
1532987826.828725,0
1532987826.849356,0
1532987826.871531,0
1532987826.891109,0
1532987826.909902,0
1532987826.929913,0
1532987826.949515,0
1532987826.969898,0
1532987826.989372,0
1532987827.010067,0
1532987827.029227,0
1532987827.049253,0
1532987827.068742,0
1532987827.088163,0
1532987827.109304,0
1532987827.130684,0
1532987827.151518,0
1532987827.171589,0
1532987827.192497,0
1532987827.213980,0
1532987827.234536,0
1532987827.255522,0
1532987827.275257,0
1532987827.294250,0
1532987827.313561,0
1532987827.332327,0
1532987827.351281,0
1532987827.370111,0
1532987827.389556,0
1532987827.408396,0
1532987827.428337,0
1532987827.446643,0
1532987827.466720,0
1532987827.485551,0
1532987827.506495,0
1532987827.526118,0
1532987827.547415,0
1532987827.566949,0
1532987827.586474,0
1532987827.607541,0
1532987827.627325,0
1532987827.648356,0
1532987827.668721,0
1532987827.689097,0
1532987827.708826,0
1532987827.728738,0
1532987827.750345,0
1532987827.770952,0
1532987827.793303,0
1532987827.814736,0
1532987827.835857,0
1532987827.857313,0
1532987827.875992,0
1532987827.895365,0
1532987827.914767,0
1532987827.933627,0
1532987827.953923,0
1532987827.974200,0
1532987827.993928,0
1532987828.013654,0
1532987828.033230,0
1532987828.052286,0
1532987828.071772,0
1532987828.091356,0
1532987828.110647,0
1532987828.132333,0
1532987828.152340,0
1532987828.172000,0
1532987828.190774,0
1532987828.210259,0
1532987828.230433,0
1532987828.250924,0
1532987828.271297,0
1532987828.291958,0
1532987828.310930,0
1532987828.329836,0
1532987828.349676,0
1532987828.368342,0
1532987828.387028,0
1532987828.407538,0
1532987828.427560,0
1532987828.447446,0
1532987828.467312,0
1532987828.487036,0
1532987828.507054,0
1532987828.526563,0
1532987828.547358,0
1532987828.567047,0
1532987828.588089,0
1532987828.607714,0
1532987828.628432,0
1532987828.648579,0
1532987828.669077,0
1532987828.688706,0
1532987828.708193,0
1532987828.727400,0
1532987828.746849,0
1532987828.766368,0
1532987828.785907,0
1532987828.804286,0
1532987828.823174,0
1532987828.841969,0
1532987828.860303,0
1532987828.877498,0
1532987828.894468,0
1532987828.912244,0
1532987828.929059,0
1532987828.946063,0
1532987828.962945,0
1532987828.981379,0
1532987828.998904,0
1532987829.018522,0
1532987829.038364,0
1532987829.056786,0
1532987829.075151,0
1532987829.093075,0
1532987829.112302,0
1532987829.131546,0
1532987829.150087,0
1532987829.168546,0
1532987829.187460,0
1532987829.205624,0
1532987829.223592,0
1532987829.242516,0
1532987829.260869,0
1532987829.279122,0
1532987829.297289,0
1532987829.315296,0
1532987829.334286,0
1532987829.351808,0
1532987829.369809,0
1532987829.387743,0
1532987829.405217,0
1532987829.422831,0
1532987829.441404,0
1532987829.459304,0
1532987829.476564,0
1532987829.493976,0
1532987829.511091,0
1532987829.529036,0
1532987829.546385,0
1532987829.563228,0
1532987829.580513,0
1532987829.596853,0
1532987829.613599,0
1532987829.629948,0
1532987829.646362,0
1532987829.663333,0
1532987829.680606,0
1532987829.696658,0
1532987829.713314,0
1532987829.729829,0
1532987829.746261,0
1532987829.762660,0
1532987829.779238,0
1532987829.795803,0
1532987829.811958,0
1532987829.828837,0
1532987829.845433,0
1532987829.861881,0
1532987829.878613,0
1532987829.895098,0
1532987829.911489,0
1532987829.927930,0
1532987829.945691,0
1532987829.963721,0
1532987829.980163,0
1532987829.996746,0
1532987830.013400,0
1532987830.030880,0
1532987830.048687,0
1532987830.065860,0
1532987830.084381,0
1532987830.101297,0
1532987830.119078,0
1532987830.136369,0
1532987830.154913,0
1532987830.173710,0
1532987830.192874,0
1532987830.210348,0
1532987830.227129,0
1532987830.245121,0
1532987830.262960,0
1532987830.281609,0
1532987830.299446,0
1532987830.317139,0
1532987830.335643,0
1532987830.352651,0
1532987830.369875,0
1532987830.386128,0
1532987830.404459,0
1532987830.421479,0
1532987830.438270,0
1532987830.455909,0
1532987830.473018,0
1532987830.490153,0
1532987830.507270,0
1532987830.525735,0
1532987830.543233,0
1532987830.560440,0
1532987830.577743,0
1532987830.594930,0
1532987830.612692,0
1532987830.630659,0
1532987830.648408,0
1532987830.665802,0
1532987830.682568,0
1532987830.699657,0
1532987830.716238,0
1532987830.732910,0
1532987830.749803,0
1532987830.766440,0
1532987830.782937,0
1532987830.799837,0
1532987830.816645,0
1532987830.833391,0
1532987830.849920,0
1532987830.866949,0
1532987830.884044,0
1532987830.901634,0
1532987830.918932,0
1532987830.936268,0
1532987830.952661,0
1532987830.969285,0
1532987830.985860,0
1532987831.002324,0
1532987831.018932,0
1532987831.035530,0
1532987831.052495,0
1532987831.068920,0
1532987831.086296,0
1532987831.103301,0
1532987831.119498,0
1532987831.135891,0
1532987831.152250,0
1532987831.169202,0
1532987831.185804,0
1532987831.202657,0
1532987831.219300,0
1532987831.236473,0
1532987831.253726,0
1532987831.270790,0
1532987831.287515,0
1532987831.304338,0
1532987831.322309,0
1532987831.338894,0
1532987831.357182,0
1532987831.375193,0
1532987831.392731,0
1532987831.410173,0
1532987831.427698,0
1532987831.444765,0
1532987831.461565,0
1532987831.478018,0
1532987831.495690,0
1532987831.512447,0
1532987831.528723,0
1532987831.545319,0
1532987831.561967,0
1532987831.578318,0
1532987831.594934,0
1532987831.611147,0
1532987831.627540,0
1532987831.644738,0
1532987831.661000,0
1532987831.677290,0
1532987831.693870,0
1532987831.710241,0
1532987831.727375,0
1532987831.744959,0
1532987831.761565,0
1532987831.778501,0
1532987831.795638,0
1532987831.812960,0
1532987831.830931,0
1532987831.848628,0
1532987831.866579,0
1532987831.884666,0
1532987831.902733,0
1532987831.919927,0
1532987831.936470,0
1532987831.954542,0
1532987831.971643,0
1532987831.988543,0
1532987832.005763,0
1532987832.022289,0
1532987832.039729,0
1532987832.058530,0
1532987832.076948,0
1532987832.095246,0
1532987832.114544,0
1532987832.134173,0
1532987832.151206,0
1532987832.167820,0
1532987832.184534,0
1532987832.202816,0
1532987832.220933,0
1532987832.239134,0
1532987832.257243,0
1532987832.274034,0
1532987832.290688,0
1532987832.308554,0
1532987832.325645,0
1532987832.342060,0
1532987832.358991,0
1532987832.377768,0
1532987832.395253,0
1532987832.414065,0
1532987832.430876,0
1532987832.447986,0
1532987832.465633,0
1532987832.484132,0
1532987832.502638,0
1532987832.520539,0
1532987832.539055,0
1532987832.556664,0
1532987832.573614,0
1532987832.592202,0
1532987832.609249,0
1532987832.627365,0
1532987832.644837,0
1532987832.661966,0
1532987832.680260,0
1532987832.697598,0
1532987832.713869,0
1532987832.730417,0
1532987832.747074,0
1532987832.764513,0
1532987832.780774,0
1532987832.797428,0
1532987832.813896,0
1532987832.830949,0
1532987832.849290,0
1532987832.866267,0
1532987832.883345,0
1532987832.900089,0
1532987832.918519,0
1532987832.935878,0
1532987832.953696,0
1532987832.971011,0
1532987832.987962,0
1532987833.005137,0
1532987833.022292,0
1532987833.038991,0
1532987833.057138,0
1532987833.073990,0
1532987833.091230,0
1532987833.108222,0
1532987833.125766,0
1532987833.143656,0
1532987833.162795,0
1532987833.180180,0
1532987833.196863,0
1532987833.214537,0
1532987833.233247,0
1532987833.250995,0
1532987833.269288,0
1532987833.285623,0
1532987833.302613,0
1532987833.318775,0
1532987833.336085,0
1532987833.352847,0
1532987833.369264,0
1532987833.386396,0
1532987833.405163,0
1532987833.421860,0
1532987833.440124,0
1532987833.457459,0
1532987833.474456,0
1532987833.494119,0
1532987833.511676,0
1532987833.529594,0
1532987833.547094,0
1532987833.565544,0
1532987833.583044,0
1532987833.600608,0
1532987833.618164,0
1532987833.635455,0
1532987833.652868,0
1532987833.670465,0
1532987833.687255,0
1532987833.704548,0
1532987833.722001,0
1532987833.767815,0
1532987833.809523,0
1532987833.839518,0
1532987833.870221,0
1532987833.897689,0
1532987833.927860,0
1532987833.955488,0
1532987833.980713,0
1532987834.004722,0
1532987834.027271,0
1532987834.050379,0
1532987834.074271,0
1532987834.093138,0
1532987834.110178,0
1532987834.126915,0
1532987834.143377,0
1532987834.159523,0
1532987834.176115,0
1532987834.192975,0
1532987834.209567,0
1532987834.226354,0
1532987834.242906,0
1532987834.259650,0
1532987834.276298,0
1532987834.292743,0
1532987834.309741,0
1532987834.326968,0
1532987834.343614,0
1532987834.360528,0
1532987834.376841,0
1532987834.393018,0
1532987834.410119,0
1532987834.427315,0
1532987834.444185,0
1532987834.461115,0
1532987834.477491,0
1532987834.493984,0
1532987834.511025,0
1532987834.527609,0
1532987834.543912,0
1532987834.560227,0
1532987834.576337,0
1532987834.592646,0
1532987834.609323,0
1532987834.625787,0
1532987834.642918,0
1532987834.660145,0
1532987834.676704,0
1532987834.693556,0
1532987834.710254,0
1532987834.727885,0
1532987834.744483,0
1532987834.762026,0
1532987834.779629,0
1532987834.796335,0
1532987834.812574,0
1532987834.828953,0
1532987834.845870,0
1532987834.862444,0
1532987834.879032,0
1532987834.895369,0
1532987834.911650,0
1532987834.928155,0
1532987834.944679,0
1532987834.961839,0
1532987834.978633,0
1532987834.995330,0
1532987835.011665,0
1532987835.028123,0
1532987835.044345,0
1532987835.060957,0
1532987835.077463,0
1532987835.093748,0
1532987835.110640,0
1532987835.126794,0
1532987835.144187,0
1532987835.161217,0
1532987835.177727,0
1532987835.194462,0
1532987835.211285,0
1532987835.227991,0
1532987835.245226,0
1532987835.262447,0
1532987835.280786,0
1532987835.296740,0
1532987835.313322,0
1532987835.330989,0
1532987835.348545,0
1532987835.366938,0
1532987835.383664,0
1532987835.400469,0
1532987835.417386,0
1532987835.434524,0
1532987835.452215,0
1532987835.469522,0
1532987835.486440,0
1532987835.503605,0
1532987835.520575,0
1532987835.538153,0
1532987835.556215,0
1532987835.574245,0
1532987835.592562,0
1532987835.609747,0
1532987835.627850,0
1532987835.672769,0
1532987835.720686,0
1532987835.749581,0
1532987835.772100,0
1532987835.797039,0
1532987835.821868,0
1532987835.847861,0
1532987835.870610,0
1532987835.892873,0
1532987835.917472,0
1532987835.940026,0
1532987835.960901,0
1532987835.979305,0
1532987835.997710,0
1532987836.016354,0
1532987836.034636,0
1532987836.053745,0
1532987836.072571,0
1532987836.090879,0
1532987836.109817,0
1532987836.128495,0
1532987836.147815,0
1532987836.166576,0
1532987836.185272,0
1532987836.204421,0
1532987836.222630,0
1532987836.241798,0
1532987836.259699,0
1532987836.276879,0
1532987836.295523,0
1532987836.312703,0
1532987836.329958,0
1532987836.347450,0
1532987836.366593,0
1532987836.384056,0
1532987836.401745,0
1532987836.420004,0
1532987836.438979,0
1532987836.456670,0
1532987836.474996,0
1532987836.492865,0
1532987836.510888,0
1532987836.528581,0
1532987836.545517,0
1532987836.562351,0
1532987836.579721,0
1532987836.596714,0
1532987836.613720,0
1532987836.631428,0
1532987836.648689,0
1532987836.666064,0
1532987836.683468,0
1532987836.700738,0
1532987836.718757,0
1532987836.736701,0
1532987836.754406,0
1532987836.771557,0
1532987836.788570,0
1532987836.806563,0
1532987836.824240,0
1532987836.842077,0
1532987836.859924,0
1532987836.879356,0
1532987836.897759,0
1532987836.918138,0
1532987836.936749,0
1532987836.955249,0
1532987836.974910,0
1532987836.993762,0
1532987837.014137,0
1532987837.031633,0
1532987837.049643,0
1532987837.068574,0
1532987837.086968,0
1532987837.106290,0
1532987837.125569,0
1532987837.143450,0
1532987837.162175,0
1532987837.181692,0
1532987837.199214,0
1532987837.217977,0
1532987837.236823,0
1532987837.253567,0
1532987837.271096,0
1532987837.288745,0
1532987837.306483,0
1532987837.324458,0
1532987837.342032,0
1532987837.359610,0
1532987837.377388,0
1532987837.394387,0
1532987837.411530,0
1532987837.429046,0
1532987837.447776,0
1532987837.465147,0
1532987837.482901,0
1532987837.500257,0
1532987837.518022,0
1532987837.535301,0
1532987837.552465,0
1532987837.569611,0
1532987837.587665,0
1532987837.605964,0
1532987837.623219,0
1532987837.639944,0
1532987837.656368,0
1532987837.672852,0
1532987837.689281,0
1532987837.706944,0
1532987837.723575,0
1532987837.740353,0
1532987837.757936,0
1532987837.775516,0
1532987837.792274,0
1532987837.809173,0
1532987837.825947,0
1532987837.843357,0
1532987837.861210,0
1532987837.878411,0
1532987837.896518,0
1532987837.913458,0
1532987837.930376,0
1532987837.947055,0
1532987837.965396,0
1532987837.983476,0
1532987837.999925,0
1532987838.018353,0
1532987838.035221,0
1532987838.052416,0
1532987838.069506,0
1532987838.085854,0
1532987838.103846,0
1532987838.121428,0
1532987838.138587,0
1532987838.155784,0
1532987838.172780,0
1532987838.190272,0
1532987838.207744,0
1532987838.224623,0
1532987838.241508,0
1532987838.258375,0
1532987838.275202,0
1532987838.293632,0
1532987838.311762,0
1532987838.328877,0
1532987838.345650,0
1532987838.394786,0
1532987838.430186,0
1532987838.449144,0
1532987838.466867,0
1532987838.484791,0
1532987838.502129,0
1532987838.518831,0
1532987838.535939,0
1532987838.553372,0
1532987838.571890,0
1532987838.591233,0
1532987838.608416,0
1532987838.626004,0
1532987838.642845,0
1532987838.660180,0
1532987838.678550,0
1532987838.695971,0
1532987838.713358,0
1532987838.730530,0
1532987838.749355,0
1532987838.767108,0
1532987838.784526,0
1532987838.801598,0
1532987838.819876,0
1532987838.836606,0
1532987838.854057,0
1532987838.871350,0
1532987838.888087,0
1532987838.904886,0
1532987838.921713,0
1532987838.938834,0
1532987838.956203,0
1532987838.973349,0
1532987838.991302,0
1532987839.008897,0
1532987839.026135,0
1532987839.044042,0
1532987839.060851,0
1532987839.077298,0
1532987839.094129,0
1532987839.110316,0
1532987839.127162,0
1532987839.143316,0
1532987839.159652,0
1532987839.176329,0
1532987839.192648,0
1532987839.209292,0
1532987839.226951,0
1532987839.243491,0
1532987839.260010,0
1532987839.276599,0
1532987839.293333,0
1532987839.309630,0
1532987839.326243,0
1532987839.342763,0
1532987839.359094,0
1532987839.375968,0
1532987839.392449,0
1532987839.409231,0
1532987839.426505,0
1532987839.442575,0
1532987839.458773,0
1532987839.476058,0
1532987839.492358,0
1532987839.508659,0
1532987839.525963,0
1532987839.542493,0
1532987839.561208,0
1532987839.579380,0
1532987839.596459,0
1532987839.614713,0
1532987839.631641,0
1532987839.648245,0
1532987839.664325,0
1532987839.680830,0
1532987839.698003,0
1532987839.714207,0
1532987839.730422,0
1532987839.746557,0
1532987839.762829,0
1532987839.781157,0
1532987839.799062,0
1532987839.816119,0
1532987839.833856,0
1532987839.851176,0
1532987839.868976,0
1532987839.887016,0
1532987839.904114,0
1532987839.922287,0
1532987839.938733,0
1532987839.955490,0
1532987839.972215,0
1532987839.989084,0
1532987840.008043,0
1532987840.025633,0
1532987840.043099,0
1532987840.061642,0
1532987840.078645,0
1532987840.096758,0
1532987840.115064,0
1532987840.132197,0
1532987840.151179,0
1532987840.169354,0
1532987840.187151,0
1532987840.205150,0
1532987840.223357,0
1532987840.241172,0
1532987840.258749,0
1532987840.276116,0
1532987840.292987,0
1532987840.310866,0
1532987840.328078,0
1532987840.345180,0
1532987840.363138,0
1532987840.380087,0
1532987840.424444,0
1532987840.470038,0
1532987840.495160,0
1532987840.518521,0
1532987840.542482,0
1532987840.564501,0
1532987840.582675,0
1532987840.600254,0
1532987840.619514,0
1532987840.638110,0
1532987840.656461,0
1532987840.674013,0
1532987840.693139,0
1532987840.711410,0
1532987840.730402,0
1532987840.749591,0
1532987840.768022,0
1532987840.786978,0
1532987840.805161,0
1532987840.822298,0
1532987840.839877,0
1532987840.859201,0
1532987840.876752,0
1532987840.893958,0
1532987840.911682,0
1532987840.930395,0
1532987840.948453,0
1532987840.965198,0
1532987840.983775,0
1532987841.002423,0
1532987841.019980,0
1532987841.036982,0
1532987841.053260,0
1532987841.070022,0
1532987841.087541,0
1532987841.104320,0
1532987841.120789,0
1532987841.138229,0
1532987841.154652,0
1532987841.171135,0
1532987841.188450,0
1532987841.205114,0
1532987841.222100,0
1532987841.238377,0
1532987841.254791,0
1532987841.271186,0
1532987841.287597,0
1532987841.303777,0
1532987841.319973,0
1532987841.336627,0
1532987841.352879,0
1532987841.369338,0
1532987841.385657,0
1532987841.402285,0
1532987841.418950,0
1532987841.435203,0
1532987841.452027,0
1532987841.469016,0
1532987841.485578,0
1532987841.502249,0
1532987841.518861,0
1532987841.536176,0
1532987841.552762,0
1532987841.569229,0
1532987841.586113,0
1532987841.602518,0
1532987841.618988,0
1532987841.636198,0
1532987841.652724,0
1532987841.670941,0
1532987841.687903,0
1532987841.704628,0
1532987841.721084,0
1532987841.739257,0
1532987841.755224,0
1532987841.773262,0
1532987841.789988,0
1532987841.806133,0
1532987841.823004,0
1532987841.840753,0
1532987841.857645,0
1532987841.874116,0
1532987841.891421,0
1532987841.908145,0
1532987841.924946,0
1532987841.941506,0
1532987841.958500,0
1532987841.975557,0
1532987841.992395,0
1532987842.010530,0
1532987842.029239,0
1532987842.046683,0
1532987842.063810,0
1532987842.080416,0
1532987842.097174,0
1532987842.114145,0
1532987842.130821,0
1532987842.168627,0
1532987842.187421,0
1532987842.204522,0
1532987842.221190,0
1532987842.241094,0
1532987842.257403,0
1532987842.274256,0
1532987842.291992,0
1532987842.309536,0
1532987842.327512,0
1532987842.345433,0
1532987842.362513,0
1532987842.380211,0
1532987842.398238,0
1532987842.416013,0
1532987842.434012,0
1532987842.450823,0
1532987842.468408,0
1532987842.485067,0
1532987842.501291,0
1532987842.519293,0
1532987842.535563,0
1532987842.552323,0
1532987842.568766,0
1532987842.585364,0
1532987842.603863,0
1532987842.621931,0
1532987842.640196,0
1532987842.656369,0
1532987842.674059,0
1532987842.692560,0
1532987842.710644,0
1532987842.728422,0
1532987842.744904,0
1532987842.762173,0
1532987842.780204,0
1532987842.797594,0
1532987842.814879,0
1532987842.831368,0
1532987842.848765,0
1532987842.867236,0
1532987842.885196,0
1532987842.901158,0
1532987842.918176,0
1532987842.934662,0
1532987842.951270,0
1532987842.967981,0
1532987842.985126,0
1532987843.001689,0
1532987843.019195,0
1532987843.035950,0
1532987843.052519,0
1532987843.069313,0
1532987843.085697,0
1532987843.102422,0
1532987843.119511,0
1532987843.136071,0
1532987843.152640,0
1532987843.169344,0
1532987843.185788,0
1532987843.202949,0
1532987843.219531,0
1532987843.235911,0
1532987843.252442,0
1532987843.270351,0
1532987843.287564,0
1532987843.304784,0
1532987843.321358,0
1532987843.338299,0
1532987843.354917,0
1532987843.371952,0
1532987843.389041,0
1532987843.405467,0
1532987843.422054,0
1532987843.439242,0
1532987843.455827,0
1532987843.473102,0
1532987843.489648,0
1532987843.506029,0
1532987843.522615,0
1532987843.539388,0
1532987843.555751,0
1532987843.573488,0
1532987843.590189,0
1532987843.606863,0
1532987843.624324,0
1532987843.641175,0
1532987843.658042,0
1532987843.674364,0
1532987843.690762,0
1532987843.707304,0
1532987843.724494,0
1532987843.740538,0
1532987843.759198,0
1532987843.775253,0
1532987843.793685,0
1532987843.810003,0
1532987843.829304,0
1532987843.846762,0
1532987843.863618,0
1532987843.880750,0
1532987843.897246,0
1532987843.914323,0
1532987843.930894,0
1532987843.948058,0
1532987843.964854,0
1532987843.981444,0
1532987843.998621,0
1532987844.015571,0
1532987844.032188,0
1532987844.048813,0
1532987844.065453,0
1532987844.081955,0
1532987844.098632,0
1532987844.115619,0
1532987844.132073,0
1532987844.148492,0
1532987844.165390,0
1532987844.181980,0
1532987844.198547,0
1532987844.215005,0
1532987844.231158,0
1532987844.247668,0
1532987844.264173,0
1532987844.280496,0
1532987844.297145,0
1532987844.313555,0
1532987844.330756,0
1532987844.347959,0
1532987844.364884,0
1532987844.381617,0
1532987844.397862,0
1532987844.415408,0
1532987844.432494,0
1532987844.449062,0
1532987844.465665,0
1532987844.482673,0
1532987844.499166,0
1532987844.516081,0
1532987844.532219,0
1532987844.548740,0
1532987844.565543,0
1532987844.582267,0
1532987844.598831,0
1532987844.615824,0
1532987844.632432,0
1532987844.650006,0
1532987844.666928,0
1532987844.685782,0
1532987844.702914,0
1532987844.721395,0
1532987844.740911,0
1532987844.757054,0
1532987844.773981,0
1532987844.791528,0
1532987844.808191,0
1532987844.824935,0
1532987844.841689,0
1532987844.859348,0
1532987844.875897,0
1532987844.894086,0
1532987844.911031,0
1532987844.928235,0
1532987844.945303,0
1532987844.961815,0
1532987844.979139,0
1532987844.995444,0
1532987845.011683,0
1532987845.028573,0
1532987845.045025,0
1532987845.061814,0
1532987845.078602,0
1532987845.095102,0
1532987845.111585,0
1532987845.128550,0
1532987845.145394,0
1532987845.161733,0
1532987845.177991,0
1532987845.194164,0
1532987845.210211,0
1532987845.228566,0
1532987845.250164,0
1532987845.271532,0
1532987845.289790,0
1532987845.308776,0
1532987845.325983,0
1532987845.344054,0
1532987845.363125,0
1532987845.382200,0
1532987845.401437,0
1532987845.420309,0
1532987845.439024,0
1532987845.457903,0
1532987845.476324,0
1532987845.495192,0
1532987845.513811,0
1532987845.532045,0
1532987845.550341,0
1532987845.569361,0
1532987845.588007,0
1532987845.606003,0
1532987845.623380,0
1532987845.642078,0
1532987845.659497,0
1532987845.676879,0
1532987845.696226,0
1532987845.713370,0
1532987845.731288,0
1532987845.749014,0
1532987845.767066,0
1532987845.784985,0
1532987845.802902,0
1532987845.820543,0
1532987845.840142,0
1532987845.858255,0
1532987845.876153,0
1532987845.893670,0
1532987845.911629,0
1532987845.930997,0
1532987845.979220,0
1532987846.025778,0
1532987846.048571,0
1532987846.070918,0
1532987846.094101,0
1532987846.115206,0
1532987846.137880,0
1532987846.154844,0
1532987846.171475,0
1532987846.189654,0
1532987846.206053,0
1532987846.222350,0
1532987846.238932,0
1532987846.256165,0
1532987846.273086,0
1532987846.289895,0
1532987846.306860,0
1532987846.324931,0
1532987846.342014,0
1532987846.360002,0
1532987846.377380,0
1532987846.394752,0
1532987846.412425,0
1532987846.429215,0
1532987846.448167,0
1532987846.466570,0
1532987846.483897,0
1532987846.501067,0
1532987846.518184,0
1532987846.560146,0
1532987846.597888,0
1532987846.619298,0
1532987846.638206,0
1532987846.656590,0
1532987846.678362,0
1532987846.696180,0
1532987846.713279,0
1532987846.730032,0
1532987846.747676,0
1532987846.765438,0
1532987846.782560,0
1532987846.799674,0
1532987846.817247,0
1532987846.834725,0
1532987846.852416,0
1532987846.870706,0
1532987846.887321,0
1532987846.904188,0
1532987846.921426,0
1532987846.940026,0
1532987846.957282,0
1532987846.974456,0
1532987846.990929,0
1532987847.009448,0
1532987847.026092,0
1532987847.044608,0
1532987847.062491,0
1532987847.079786,0
1532987847.097821,0
1532987847.115294,0
1532987847.133704,0
1532987847.150806,0
1532987847.168308,0
1532987847.186154,0
1532987847.202736,0
1532987847.222140,0
1532987847.240634,0
1532987847.257862,0
1532987847.275263,0
1532987847.293745,0
1532987847.312339,0
1532987847.330998,0
1532987847.348977,0
1532987847.365639,0
1532987847.383845,0
1532987847.402544,0
1532987847.420804,0
1532987847.439979,0
1532987847.458102,0
1532987847.476396,0
1532987847.494248,0
1532987847.512112,0
1532987847.529870,0
1532987847.547513,0
1532987847.565664,0
1532987847.583579,0
1532987847.601311,0
1532987847.619460,0
1532987847.636831,0
1532987847.654947,0
1532987847.673354,0
1532987847.690318,0
1532987847.706964,0
1532987847.723792,0
1532987847.741286,0
1532987847.758274,0
1532987847.775594,0
1532987847.793234,0
1532987847.810311,0
1532987847.826780,0
1532987847.843322,0
1532987847.859903,0
1532987847.876358,0
1532987847.892785,0
1532987847.909453,0
1532987847.926784,0
1532987847.943557,0
1532987847.962785,0
1532987847.980219,0
1532987847.998636,0
1532987848.015262,0
1532987848.033072,0
1532987848.050342,0
1532987848.073984,0
1532987848.092331,0
1532987848.109950,0
1532987848.127809,0
1532987848.146497,0
1532987848.163855,0
1532987848.181616,0
1532987848.198968,0
1532987848.216255,0
1532987848.232951,0
1532987848.251411,0
1532987848.268532,0
1532987848.285508,0
1532987848.303159,0
1532987848.319609,0
1532987848.336077,0
1532987848.352554,0
1532987848.369189,0
1532987848.385974,0
1532987848.403588,0
1532987848.420693,0
1532987848.438177,0
1532987848.455400,0
1532987848.473519,0
1532987848.492471,0
1532987848.511329,0
1532987848.528990,0
1532987848.546608,0
1532987848.564604,0
1532987848.582022,0
1532987848.599116,0
1532987848.617067,0
1532987848.634564,0
1532987848.651854,0
1532987848.669928,0
1532987848.713889,0
1532987848.761148,0
1532987848.801115,0
1532987848.827584,0
1532987848.859934,0
1532987848.883078,0
1532987848.906040,0
1532987848.930560,0
1532987848.951082,0
1532987848.975700,0
1532987848.997480,0
1532987849.019881,0
1532987849.041423,0
1532987849.064805,0
1532987849.087709,0
1532987849.110279,0
1532987849.133331,0
1532987849.156751,0
1532987849.178519,0
1532987849.202341,0
1532987849.225846,0
1532987849.248526,0
1532987849.274048,0
1532987849.296884,0
1532987849.321454,0
1532987849.344762,0
1532987849.366061,0
1532987849.389408,0
1532987849.407729,0
1532987849.424271,0
1532987849.441324,0
1532987849.457507,0
1532987849.473767,0
1532987849.490914,0
1532987849.507382,0
1532987849.524822,0
1532987849.541679,0
1532987849.558003,0
1532987849.574339,0
1532987849.590522,0
1532987849.606901,0
1532987849.623666,0
1532987849.639969,0
1532987849.656344,0
1532987849.673092,0
1532987849.689957,0
1532987849.706350,0
1532987849.722687,0
1532987849.740070,0
1532987849.756672,0
1532987849.773145,0
1532987849.789447,0
1532987849.805545,0
1532987849.821676,0
1532987849.837662,0
1532987849.854053,0
1532987849.870885,0
1532987849.887416,0
1532987849.904130,0
1532987849.920803,0
1532987849.937356,0
1532987849.953815,0
1532987849.970368,0
1532987849.989038,0
1532987850.005551,0
1532987850.022468,0
1532987850.040418,0
1532987850.057023,0
1532987850.073915,0
1532987850.089945,0
1532987850.106118,0
1532987850.122382,0
1532987850.138994,0
1532987850.155703,0
1532987850.172444,0
1532987850.188830,0
1532987850.205605,0
1532987850.222089,0
1532987850.239117,0
1532987850.256668,0
1532987850.274335,0
1532987850.292525,0
1532987850.311131,0
1532987850.328321,0
1532987850.346372,0
1532987850.363102,0
1532987850.381478,0
1532987850.397753,0
1532987850.415559,0
1532987850.431952,0
1532987850.450610,0
1532987850.469071,0
1532987850.487622,0
1532987850.506493,0
1532987850.524886,0
1532987850.542099,0
1532987850.560271,0
1532987850.577889,0
1532987850.595121,0
1532987850.612766,0
1532987850.629882,0
1532987850.647714,0
1532987850.665030,0
1532987850.681832,0
1532987850.698626,0
1532987850.715985,0
1532987850.733459,0
1532987850.750715,0
1532987850.768582,0
1532987850.786506,0
1532987850.806118,0
1532987850.823577,0
1532987850.842723,0
1532987850.862183,0
1532987850.880739,0
1532987850.900106,0
1532987850.919193,0
1532987850.937742,0
1532987850.955764,0
1532987850.974077,0
1532987850.992207,0
1532987851.009560,0
1532987851.027226,0
1532987851.044788,0
1532987851.062054,0
1532987851.079227,0
1532987851.096924,0
1532987851.114443,0
1532987851.133245,0
1532987851.149543,0
1532987851.166454,0
1532987851.183271,0
1532987851.200112,0
1532987851.218205,0
1532987851.236070,0
1532987851.252825,0
1532987851.270581,0
1532987851.288196,0
1532987851.305474,0
1532987851.322746,0
1532987851.340227,0
1532987851.357888,0
1532987851.375892,0
1532987851.393872,0
1532987851.413138,0
1532987851.432307,0
1532987851.451075,0
1532987851.469267,0
1532987851.487314,0
1532987851.504686,0
1532987851.522562,0
1532987851.541689,0
1532987851.561143,0
1532987851.580096,0
1532987851.597581,0
1532987851.615655,0
1532987851.633173,0
1532987851.650818,0
1532987851.668763,0
1532987851.686345,0
1532987851.705971,0
1532987851.723630,0
1532987851.742285,0
1532987851.760334,0
1532987851.778322,0
1532987851.795095,0
1532987851.813039,0
1532987851.830583,0
1532987851.849771,0
1532987851.868360,0
1532987851.885662,0
1532987851.903318,0
1532987851.922319,0
1532987851.939368,0
1532987851.956234,0
1532987851.973358,0
1532987851.992629,0
1532987852.011446,0
1532987852.030474,0
1532987852.048471,0
1532987852.066278,0
1532987852.084134,0
1532987852.102128,0
1532987852.119178,0
1532987852.136558,0
1532987852.153805,0
1532987852.171336,0
1532987852.189441,0
1532987852.206572,0
1532987852.224430,0
1532987852.241980,0
1532987852.259184,0
1532987852.276517,0
1532987852.293307,0
1532987852.310052,0
1532987852.327500,0
1532987852.344265,0
1532987852.360746,0
1532987852.377264,0
1532987852.393544,0
1532987852.409725,0
1532987852.425755,0
1532987852.441832,0
1532987852.457715,0
1532987852.473646,0
1532987852.490015,0
1532987852.506737,0
1532987852.523353,0
1532987852.539565,0
1532987852.556438,0
1532987852.572301,0
1532987852.589170,0
1532987852.605302,0
1532987852.621079,0
1532987852.637147,0
1532987852.653944,0
1532987852.670067,0
1532987852.689239,0
1532987852.706375,0
1532987852.723760,0
1532987852.769427,0
1532987852.812378,0
1532987852.843056,0
1532987852.874176,0
1532987852.904789,0
1532987852.935472,0
1532987852.962833,0
1532987852.991412,0
1532987853.019260,0
1532987853.048951,0
1532987853.075575,0
1532987853.098047,0
1532987853.120369,0
1532987853.144028,0
1532987853.168190,0
1532987853.193270,0
1532987853.216456,0
1532987853.238763,0
1532987853.263801,0
1532987853.284882,0
1532987853.308375,0
1532987853.331621,0
1532987853.354916,0
1532987853.378279,0
1532987853.400500,0
1532987853.423238,0
1532987853.446337,0
1532987853.467763,0
1532987853.489518,0
1532987853.512882,0
1532987853.534579,0
1532987853.557862,0
1532987853.580810,0
1532987853.603529,0
1532987853.624545,0
1532987853.647006,0
1532987853.664244,0
1532987853.681372,0
1532987853.698680,0
1532987853.716071,0
1532987853.733130,0
1532987853.750599,0
1532987853.794860,0
1532987853.816592,0
1532987853.835824,0
1532987853.855215,0
1532987853.875176,0
1532987853.894227,0
1532987853.913702,0
1532987853.934598,0
1532987853.953975,0
1532987853.974643,0
1532987853.995182,0
1532987854.013445,0
1532987854.033824,0
1532987854.053850,0
1532987854.072701,0
1532987854.093894,0
1532987854.114812,0
1532987854.135011,0
1532987854.154835,0
1532987854.174815,0
1532987854.193470,0
1532987854.212166,0
1532987854.230908,0
1532987854.250217,0
1532987854.269766,0
1532987854.290568,0
1532987854.309937,0
1532987854.329142,0
1532987854.348411,0
1532987854.367941,0
1532987854.386333,0
1532987854.404803,0
1532987854.424639,0
1532987854.445180,0
1532987854.466705,0
1532987854.487897,0
1532987854.507045,0
1532987854.528272,0
1532987854.546979,0
1532987854.567859,0
1532987854.588910,0
1532987854.611066,0
1532987854.631666,0
1532987854.651832,0
1532987854.672164,0
1532987854.691267,0
1532987854.711366,0
1532987854.730729,0
1532987854.749756,0
1532987854.771689,0
1532987854.790990,0
1532987854.810218,0
1532987854.828972,0
1532987854.847762,0
1532987854.868467,0
1532987854.888334,0
1532987854.908072,0
1532987854.927187,0
1532987854.949211,0
1532987854.969995,0
1532987854.991055,0
1532987855.011390,0
1532987855.031453,0
1532987855.052240,0
1532987855.072324,0
1532987855.092502,0
1532987855.112995,0
1532987855.133256,0
1532987855.153035,0
1532987855.171191,0
1532987855.189100,0
1532987855.208629,0
1532987855.227268,0
1532987855.246918,0
1532987855.268394,0
1532987855.287420,0
1532987855.306315,0
1532987855.327424,0
1532987855.347560,0
1532987855.367747,0
1532987855.389009,0
1532987855.410031,0
1532987855.430086,0
1532987855.449078,0
1532987855.469351,0
1532987855.489250,0
1532987855.510760,0
1532987855.531352,0
1532987855.550784,0
1532987855.570405,0
1532987855.589444,0
1532987855.609166,0
1532987855.628021,0
1532987855.649282,0
1532987855.667798,0
1532987855.688520,0
1532987855.707850,0
1532987855.727856,0
1532987855.748242,0
1532987855.769413,0
1532987855.790717,0
1532987855.809355,0
1532987855.829879,0
1532987855.848872,0
1532987855.869350,0
1532987855.888692,0
1532987855.908753,0
1532987855.929380,0
1532987855.947530,0
1532987855.966598,0
1532987855.984677,0
1532987856.003517,0
1532987856.024205,0
1532987856.044731,0
1532987856.064689,0
1532987856.084750,0
1532987856.104631,0
1532987856.123808,0
1532987856.142319,0
1532987856.160860,0
1532987856.180481,0
1532987856.199304,0
1532987856.217781,0
1532987856.238581,0
1532987856.257834,0
1532987856.277808,0
1532987856.298276,0
1532987856.317092,0
1532987856.335565,0
1532987856.354906,0
1532987856.373923,0
1532987856.392850,0
1532987856.412396,0
1532987856.431485,0
1532987856.451332,0
1532987856.469435,0
1532987856.487917,0
1532987856.507101,0
1532987856.526794,0
1532987856.545603,0
1532987856.564811,0
1532987856.583829,0
1532987856.602949,0
1532987856.622082,0
1532987856.640642,0
1532987856.658996,0
1532987856.677250,0
1532987856.696148,0
1532987856.714462,0
1532987856.733373,0
1532987856.752520,0
1532987856.770858,0
1532987856.790134,0
1532987856.808152,0
1532987856.827015,0
1532987856.845620,0
1532987856.863934,0
1532987856.882530,0
1532987856.901118,0
1532987856.917965,0
1532987856.934785,0
1532987856.951552,0
1532987856.968316,0
1532987856.984878,0
1532987857.001699,0
1532987857.018500,0
1532987857.034921,0
1532987857.052783,0
1532987857.069794,0
1532987857.086649,0
1532987857.103261,0
1532987857.119439,0
1532987857.135490,0
1532987857.151652,0
1532987857.167957,0
1532987857.183820,0
1532987857.200539,0
1532987857.216829,0
1532987857.233086,0
1532987857.251321,0
1532987857.267910,0
1532987857.284310,0
1532987857.302665,0
1532987857.321056,0
1532987857.338701,0
1532987857.354826,0
1532987857.372791,0
1532987857.390291,0
1532987857.407056,0
1532987857.424227,0
1532987857.442535,0
1532987857.460788,0
1532987857.477533,0
1532987857.493843,0
1532987857.511331,0
1532987857.527804,0
1532987857.544229,0
1532987857.562776,0
1532987857.580486,0
1532987857.596919,0
1532987857.614142,0
1532987857.631533,0
1532987857.649261,0
1532987857.667177,0
1532987857.683574,0
1532987857.700285,0
1532987857.717781,0
1532987857.734100,0
1532987857.752221,0
1532987857.769454,0
1532987857.787529,0
1532987857.803922,0
1532987857.820335,0
1532987857.836625,0
1532987857.853252,0
1532987857.870526,0
1532987857.887478,0
1532987857.904990,0
1532987857.922069,0
1532987857.938932,0
1532987857.954800,0
1532987857.970763,0
1532987857.986915,0
1532987858.003440,0
1532987858.020583,0
1532987858.038761,0
1532987858.057140,0
1532987858.075721,0
1532987858.094415,0
1532987858.110781,0
1532987858.129140,0
1532987858.145777,0
1532987858.163660,0
1532987858.181665,0
1532987858.199275,0
1532987858.216825,0
1532987858.233874,0
1532987858.251640,0
1532987858.268606,0
1532987858.285417,0
1532987858.302999,0
1532987858.319450,0
1532987858.336591,0
1532987858.353360,0
1532987858.371142,0
1532987858.387619,0
1532987858.405998,0
1532987858.423618,0
1532987858.439867,0
1532987858.457391,0
1532987858.473845,0
1532987858.490163,0
1532987858.507040,0
1532987858.523674,0
1532987858.541097,0
1532987858.557794,0
1532987858.574117,0
1532987858.590032,0
1532987858.606152,0
1532987858.622026,0
1532987858.638654,0
1532987858.655007,0
1532987858.671409,0
1532987858.687829,0
1532987858.704557,0
1532987858.722734,0
1532987858.740824,0
1532987858.757013,0
1532987858.773551,0
1532987858.791443,0
1532987858.808359,0
1532987858.826940,0
1532987858.843703,0
1532987858.861901,0
1532987858.879530,0
1532987858.895836,0
1532987858.911913,0
1532987858.928066,0
1532987858.944355,0
1532987858.960853,0
1532987858.977480,0
1532987858.994840,0
1532987859.011250,0
1532987859.028370,0
1532987859.045668,0
1532987859.062246,0
1532987859.079337,0
1532987859.095780,0
1532987859.113384,0
1532987859.130446,0
1532987859.147423,0
1532987859.165148,0
1532987859.183521,0
1532987859.201319,0
1532987859.219379,0
1532987859.237028,0
1532987859.254100,0
1532987859.271763,0
1532987859.289108,0
1532987859.306760,0
1532987859.323948,0
1532987859.341604,0
1532987859.358324,0
1532987859.374478,0
1532987859.390537,0
1532987859.406529,0
1532987859.424593,0
1532987859.442263,0
1532987859.458576,0
1532987859.475250,0
1532987859.492340,0
1532987859.508437,0
1532987859.526292,0
1532987859.542857,0
1532987859.559989,0
1532987859.576741,0
1532987859.593874,0
1532987859.611691,0
1532987859.628701,0
1532987859.645711,0
1532987859.664116,0
1532987859.681548,0
1532987859.697886,0
1532987859.715748,0
1532987859.733324,0
1532987859.750988,0
1532987859.771471,0
1532987859.815190,0
1532987859.859015,0
1532987859.888686,0
1532987859.907557,0
1532987859.927351,0
1532987859.946218,0
1532987859.967651,0
1532987859.989261,0
1532987860.008198,0
1532987860.027136,0
1532987860.046735,0
1532987860.068613,0
1532987860.089458,0
1532987860.107820,0
1532987860.124966,0
1532987860.143355,0
1532987860.159377,0
1532987860.176655,0
1532987860.194366,0
1532987860.210357,0
1532987860.227895,0
1532987860.243746,0
1532987860.260918,0
1532987860.276970,0
1532987860.294342,0
1532987860.310968,0
1532987860.328469,0
1532987860.346081,0
1532987860.363937,0
1532987860.381688,0
1532987860.399608,0
1532987860.417025,0
1532987860.433731,0
1532987860.450928,0
1532987860.468319,0
1532987860.485178,0
1532987860.502290,0
1532987860.519818,0
1532987860.536187,0
1532987860.553614,0
1532987860.571395,0
1532987860.587081,0
1532987860.606393,0
1532987860.625770,0
1532987860.645496,0
1532987860.664559,0
1532987860.683893,0
1532987860.701920,0
1532987860.721630,0
1532987860.742071,0
1532987860.759776,0
1532987860.777888,0
1532987860.795630,0
1532987860.813603,0
1532987860.831656,0
1532987860.851652,0
1532987860.869309,0
1532987860.886774,0
1532987860.904309,0
1532987860.924353,0
1532987860.942205,0
1532987860.960082,0
1532987860.978659,0
1532987860.998807,0
1532987861.019037,0
1532987861.037491,0
1532987861.057043,0
1532987861.076634,0
1532987861.096073,0
1532987861.115909,0
1532987861.135044,0
1532987861.154423,0
1532987861.174272,0
1532987861.194208,0
1532987861.212106,0
1532987861.229828,0
1532987861.247437,0
1532987861.264775,0
1532987861.283189,0
1532987861.301312,0
1532987861.320348,0
1532987861.340093,0
1532987861.359572,0
1532987861.378868,0
1532987861.397541,0
1532987861.415305,0
1532987861.432930,0
1532987861.451444,0
1532987861.469824,0
1532987861.489871,0
1532987861.508070,0
1532987861.527154,0
1532987861.545762,0
1532987861.563111,0
1532987861.581278,0
1532987861.599643,0
1532987861.618114,0
1532987861.637352,0
1532987861.657038,0
1532987861.676622,0
1532987861.694902,0
1532987861.713654,0
1532987861.732009,0
1532987861.750452,0
1532987861.768974,0
1532987861.787005,0
1532987861.806613,0
1532987861.826295,0
1532987861.844410,0
1532987861.864182,0
1532987861.883458,0
1532987861.901271,0
1532987861.919118,0
1532987861.937954,0
1532987861.957670,0
1532987861.976495,0
1532987861.996430,0
1532987862.014113,0
1532987862.031595,0
1532987862.049666,0
1532987862.067760,0
1532987862.086150,0
1532987862.103962,0
1532987862.121842,0
1532987862.139795,0
1532987862.158074,0
1532987862.175893,0
1532987862.193778,0
1532987862.211767,0
1532987862.229632,0
1532987862.248629,0
1532987862.266426,0
1532987862.285176,0
1532987862.303045,0
1532987862.320572,0
1532987862.338247,0
1532987862.355434,0
1532987862.372781,0
1532987862.388898,0
1532987862.405490,0
1532987862.422098,0
1532987862.438427,0
1532987862.455418,0
1532987862.472905,0
1532987862.489689,0
1532987862.506344,0
1532987862.522617,0
1532987862.538681,0
1532987862.554992,0
1532987862.571164,0
1532987862.588583,0
1532987862.606025,0
1532987862.622845,0
1532987862.639208,0
1532987862.655730,0
1532987862.672507,0
1532987862.688775,0
1532987862.705051,0
1532987862.721226,0
1532987862.737131,0
1532987862.754055,0
1532987862.770801,0
1532987862.787351,0
1532987862.804223,0
1532987862.820836,0
1532987862.837240,0
1532987862.854321,0
1532987862.870775,0
1532987862.887167,0
1532987862.904264,0
1532987862.921260,0
1532987862.937875,0
1532987862.954578,0
1532987862.971168,0
1532987862.988155,0
1532987863.004647,0
1532987863.020979,0
1532987863.037192,0
1532987863.053573,0
1532987863.070902,0
1532987863.087678,0
1532987863.105187,0
1532987863.122123,0
1532987863.138981,0
1532987863.155832,0
1532987863.172151,0
1532987863.188357,0
1532987863.204548,0
1532987863.221329,0
1532987863.237961,0
1532987863.255029,0
1532987863.271739,0
1532987863.288385,0
1532987863.305057,0
1532987863.321874,0
1532987863.338468,0
1532987863.354909,0
1532987863.371257,0
1532987863.387804,0
1532987863.405300,0
1532987863.422373,0
1532987863.440105,0
1532987863.458271,0
1532987863.475032,0
1532987863.492272,0
1532987863.509888,0
1532987863.526411,0
1532987863.544253,0
1532987863.561582,0
1532987863.580161,0
1532987863.597856,0
1532987863.615459,0
1532987863.633364,0
1532987863.650540,0
1532987863.667107,0
1532987863.683678,0
1532987863.700504,0
1532987863.718983,0
1532987863.737023,0
1532987863.755295,0
1532987863.772906,0
1532987863.790382,0
1532987863.807797,0
1532987863.825379,0
1532987863.842946,0
1532987863.860440,0
1532987863.877803,0
1532987863.895696,0
1532987863.914112,0
1532987863.931942,0
1532987863.949966,0
1532987863.968622,0
1532987863.985344,0
1532987864.002396,0
1532987864.019443,0
1532987864.036902,0
1532987864.054724,0
1532987864.073483,0
1532987864.091111,0
1532987864.108704,0
1532987864.127577,0
1532987864.144846,0
1532987864.162201,0
1532987864.178956,0
1532987864.196205,0
1532987864.213020,0
1532987864.230089,0
1532987864.247515,0
1532987864.264978,0
1532987864.281671,0
1532987864.298329,0
1532987864.317360,0
1532987864.335562,0
1532987864.352511,0
1532987864.369989,0
1532987864.387060,0
1532987864.405023,0
1532987864.422589,0
1532987864.440861,0
1532987864.459789,0
1532987864.478880,0
1532987864.497095,0
1532987864.515229,0
1532987864.532755,0
1532987864.551165,0
1532987864.569525,0
1532987864.588098,0
1532987864.606630,0
1532987864.624604,0
1532987864.642092,0
1532987864.659873,0
1532987864.676644,0
1532987864.693493,0
1532987864.713080,0
1532987864.730041,0
1532987864.747122,0
1532987864.763930,0
1532987864.780884,0
1532987864.797818,0
1532987864.814666,0
1532987864.832857,0
1532987864.850933,0
1532987864.868721,0
1532987864.886865,0
1532987864.905627,0
1532987864.926725,0
1532987864.944872,0
1532987864.962310,0
1532987864.980073,0
1532987864.997371,0
1532987865.013807,0
1532987865.030346,0
1532987865.047129,0
1532987865.064288,0
1532987865.081947,0
1532987865.098746,0
1532987865.115332,0
1532987865.132283,0
1532987865.148817,0
1532987865.165223,0
1532987865.181678,0
1532987865.198677,0
1532987865.215551,0
1532987865.233722,0
1532987865.251750,0
1532987865.269775,0
1532987865.287476,0
1532987865.305639,0
1532987865.323474,0
1532987865.341415,0
1532987865.358389,0
1532987865.377578,0
1532987865.394926,0
1532987865.412478,0
1532987865.430102,0
1532987865.447503,0
1532987865.464191,0
1532987865.482708,0
1532987865.498887,0
1532987865.515633,0
1532987865.534285,0
1532987865.552436,0
1532987865.571160,0
1532987865.589791,0
1532987865.608252,0
1532987865.626784,0
1532987865.644649,0
1532987865.662790,0
1532987865.680490,0
1532987865.698670,0
1532987865.716986,0
1532987865.734894,0
1532987865.752851,0
1532987865.771372,0
1532987865.788953,0
1532987865.806071,0
1532987865.824394,0
1532987865.841135,0
1532987865.858866,0
1532987865.877046,0
1532987865.894721,0
1532987865.911531,0
1532987865.928218,0
1532987865.944246,0
1532987865.961147,0
1532987865.977850,0
1532987865.994648,0
1532987866.011866,0
1532987866.030968,0
1532987866.048544,0
1532987866.092986,0
1532987866.135255,0
1532987866.164628,0
1532987866.192190,0
1532987866.221480,0
1532987866.252629,0
1532987866.278257,0
1532987866.306419,0
1532987866.336587,0
1532987866.359227,0
1532987866.382575,0
1532987866.404873,0
1532987866.433424,0
1532987866.457447,0
1532987866.477824,0
1532987866.501460,0
1532987866.523703,0
1532987866.546464,0
1532987866.567998,0
1532987866.592594,0
1532987866.616164,0
1532987866.639093,0
1532987866.660825,0
1532987866.682467,0
1532987866.707571,0
1532987866.731807,0
1532987866.754500,0
1532987866.778735,0
1532987866.802676,0
1532987866.825499,0
1532987866.845871,0
1532987866.868134,0
1532987866.891251,0
1532987866.913977,0
1532987866.937104,0
1532987866.958208,0
1532987866.976728,0
1532987866.997205,0
1532987867.015599,0
1532987867.036459,0
1532987867.058609,0
1532987867.079147,0
1532987867.100111,0
1532987867.121197,0
1532987867.141029,0
1532987867.159601,0
1532987867.177572,0
1532987867.196199,0
1532987867.214624,0
1532987867.233676,0
1532987867.255022,0
1532987867.276652,0
1532987867.295525,0
1532987867.315068,0
1532987867.333388,0
1532987867.352349,0
1532987867.371660,0
1532987867.390737,0
1532987867.409826,0
1532987867.428305,0
1532987867.447090,0
1532987867.466377,0
1532987867.485042,0
1532987867.503239,0
1532987867.523468,0
1532987867.543324,0
1532987867.562619,0
1532987867.583585,0
1532987867.603941,0
1532987867.625033,0
1532987867.644468,0
1532987867.662974,0
1532987867.681927,0
1532987867.700494,0
1532987867.720032,0
1532987867.739876,0
1532987867.757798,0
1532987867.776992,0
1532987867.794924,0
1532987867.813286,0
1532987867.830007,0
1532987867.848562,0
1532987867.867409,0
1532987867.886541,0
1532987867.906241,0
1532987867.924177,0
1532987867.944296,0
1532987867.961334,0
1532987867.979970,0
1532987867.997153,0
1532987868.015820,0
1532987868.033336,0
1532987868.051759,0
1532987868.069548,0
1532987868.087784,0
1532987868.107574,0
1532987868.127039,0
1532987868.145637,0
1532987868.164108,0
1532987868.182715,0
1532987868.200623,0
1532987868.220983,0
1532987868.272059,0
1532987868.304782,0
1532987868.322851,0
1532987868.339421,0
1532987868.356171,0
1532987868.372332,0
1532987868.388759,0
1532987868.405741,0
1532987868.422780,0
1532987868.439159,0
1532987868.455588,0
1532987868.471852,0
1532987868.488122,0
1532987868.504698,0
1532987868.521642,0
1532987868.538274,0
1532987868.555228,0
1532987868.571671,0
1532987868.587981,0
1532987868.604469,0
1532987868.622107,0
1532987868.638219,0
1532987868.654359,0
1532987868.671395,0
1532987868.688702,0
1532987868.707458,0
1532987868.726111,0
1532987868.744619,0
1532987868.761876,0
1532987868.780115,0
1532987868.796937,0
1532987868.813760,0
1532987868.830629,0
1532987868.848329,0
1532987868.865983,0
1532987868.883519,0
1532987868.900829,0
1532987868.918073,0
1532987868.935818,0
1532987868.953407,0
1532987868.970281,0
1532987868.987279,0
1532987869.004496,0
1532987869.022094,0
1532987869.039548,0
1532987869.057551,0
1532987869.075545,0
1532987869.092710,0
1532987869.110121,0
1532987869.126984,0
1532987869.144162,0
1532987869.161873,0
1532987869.179667,0
1532987869.196576,0
1532987869.214836,0
1532987869.232702,0
1532987869.249611,0
1532987869.265726,0
1532987869.282358,0
1532987869.298431,0
1532987869.315546,0
1532987869.332192,0
1532987869.350046,0
1532987869.368694,0
1532987869.386257,0
1532987869.403029,0
1532987869.421192,0
1532987869.437807,0
1532987869.455341,0
1532987869.472258,0
1532987869.489887,0
1532987869.507667,0
1532987869.525952,0
1532987869.543777,0
1532987869.560724,0
1532987869.578648,0
1532987869.596500,0
1532987869.613217,0
1532987869.631907,0
1532987869.649255,0
1532987869.668202,0
1532987869.686741,0
1532987869.704141,0
1532987869.720948,0
1532987869.738884,0
1532987869.755636,0
1532987869.772115,0
1532987869.788651,0
1532987869.805308,0
1532987869.822387,0
1532987869.838984,0
1532987869.855873,0
1532987869.872901,0
1532987869.889966,0
1532987869.906433,0
1532987869.922969,0
1532987869.939331,0
1532987869.955990,0
1532987869.972953,0
1532987869.990693,0
1532987870.007721,0
1532987870.024618,0
1532987870.041475,0
1532987870.058437,0
1532987870.074941,0
1532987870.091198,0
1532987870.107622,0
1532987870.124091,0
1532987870.141124,0
1532987870.157855,0
1532987870.174454,0
1532987870.191551,0
1532987870.208102,0
1532987870.224713,0
1532987870.241282,0
1532987870.257514,0
1532987870.274411,0
1532987870.291644,0
1532987870.308669,0
1532987870.325918,0
1532987870.342759,0
1532987870.360007,0
1532987870.377131,0
1532987870.393818,0
1532987870.410604,0
1532987870.427670,0
1532987870.444257,0
1532987870.460607,0
1532987870.478006,0
1532987870.495237,0
1532987870.511884,0
1532987870.528625,0
1532987870.544918,0
1532987870.563342,0
1532987870.580055,0
1532987870.597744,0
1532987870.615777,0
1532987870.632897,0
1532987870.650361,0
1532987870.668595,0
1532987870.685645,0
1532987870.703262,0
1532987870.719538,0
1532987870.736066,0
1532987870.752434,0
1532987870.769722,0
1532987870.789920,0
1532987870.807429,0
1532987870.823819,0
1532987870.840934,0
1532987870.881453,0
1532987870.924114,0
1532987870.970613,0
1532987870.999951,0
1532987871.028961,0
1532987871.057674,0
1532987871.086987,0
1532987871.115420,0
1532987871.133338,0
1532987871.149872,0
1532987871.166181,0
1532987871.184187,0
1532987871.200801,0
1532987871.219011,0
1532987871.237838,0
1532987871.254641,0
1532987871.271621,0
1532987871.289121,0
1532987871.306359,0
1532987871.323701,0
1532987871.341366,0
1532987871.358819,0
1532987871.376027,0
1532987871.392609,0
1532987871.409435,0
1532987871.426392,0
1532987871.443695,0
1532987871.460230,0
1532987871.477617,0
1532987871.494446,0
1532987871.510883,0
1532987871.527549,0
1532987871.544867,0
1532987871.561163,0
1532987871.577454,0
1532987871.593734,0
1532987871.610711,0
1532987871.630488,0
1532987871.648396,0
1532987871.665604,0
1532987871.682670,0
1532987871.699654,0
1532987871.716701,0
1532987871.733564,0
1532987871.751729,0
1532987871.768648,0
1532987871.787182,0
1532987871.803893,0
1532987871.821414,0
1532987871.837870,0
1532987871.854795,0
1532987871.871741,0
1532987871.890160,0
1532987871.906894,0
1532987871.925630,0
1532987871.942757,0
1532987871.962064,0
1532987871.981448,0
1532987871.999305,0
1532987872.016814,0
1532987872.033689,0
1532987872.050938,0
1532987872.069231,0
1532987872.086951,0
1532987872.104626,0
1532987872.122020,0
1532987872.138908,0
1532987872.156078,0
1532987872.172271,0
1532987872.188492,0
1532987872.204903,0
1532987872.221518,0
1532987872.238377,0
1532987872.254461,0
1532987872.271835,0
1532987872.288560,0
1532987872.306642,0
1532987872.323672,0
1532987872.341590,0
1532987872.358075,0
1532987872.374763,0
1532987872.391725,0
1532987872.409301,0
1532987872.426420,0
1532987872.443539,0
1532987872.460895,0
1532987872.478121,0
1532987872.495422,0
1532987872.512726,0
1532987872.530569,0
1532987872.549338,0
1532987872.567788,0
1532987872.586049,0
1532987872.604158,0
1532987872.622057,0
1532987872.638630,0
1532987872.655320,0
1532987872.671934,0
1532987872.688685,0
1532987872.705628,0
1532987872.723264,0
1532987872.740133,0
1532987872.759306,0
1532987872.776272,0
1532987872.792905,0
1532987872.809508,0
1532987872.826359,0
1532987872.844177,0
1532987872.862256,0
1532987872.880221,0
1532987872.897837,0
1532987872.914790,0
1532987872.931591,0
1532987872.948659,0
1532987872.966025,0
1532987872.983651,0
1532987873.001564,0
1532987873.019966,0
1532987873.037971,0
1532987873.056075,0
1532987873.074980,0
1532987873.091759,0
1532987873.108301,0
1532987873.125023,0
1532987873.142485,0
1532987873.160210,0
1532987873.177945,0
1532987873.195865,0
1532987873.214492,0
1532987873.231794,0
1532987873.248962,0
1532987873.267354,0
1532987873.285783,0
1532987873.304392,0
1532987873.321115,0
1532987873.338730,0
1532987873.355941,0
1532987873.373003,0
1532987873.390439,0
1532987873.407378,0
1532987873.423990,0
1532987873.441121,0
1532987873.459269,0
1532987873.477446,0
1532987873.495496,0
1532987873.513121,0
1532987873.531030,0
1532987873.547849,0
1532987873.566250,0
1532987873.582825,0
1532987873.600441,0
1532987873.617686,0
1532987873.634613,0
1532987873.651975,0
1532987873.668636,0
1532987873.685259,0
1532987873.702028,0
1532987873.719458,0
1532987873.736365,0
1532987873.753265,0
1532987873.770607,0
1532987873.787414,0
1532987873.804432,0
1532987873.822114,0
1532987873.838878,0
1532987873.857940,0
1532987873.874487,0
1532987873.890877,0
1532987873.907228,0
1532987873.924125,0
1532987873.942808,0
1532987873.961035,0
1532987873.978830,0
1532987873.996854,0
1532987874.015283,0
1532987874.033393,0
1532987874.050186,0
1532987874.068598,0
1532987874.087190,0
1532987874.105666,0
1532987874.122965,0
1532987874.141566,0
1532987874.158420,0
1532987874.174837,0
1532987874.193112,0
1532987874.209844,0
1532987874.225996,0
1532987874.242376,0
1532987874.258804,0
1532987874.275325,0
1532987874.293328,0
1532987874.311766,0
1532987874.328843,0
1532987874.345564,0
1532987874.362956,0
1532987874.380603,0
1532987874.396795,0
1532987874.413252,0
1532987874.430322,0
1532987874.447099,0
1532987874.464637,0
1532987874.481104,0
1532987874.497831,0
1532987874.514664,0
1532987874.531082,0
1532987874.547915,0
1532987874.564728,0
1532987874.581646,0
1532987874.597842,0
1532987874.614401,0
1532987874.631625,0
1532987874.648047,0
1532987874.664611,0
1532987874.680930,0
1532987874.696683,0
1532987874.713201,0
1532987874.729505,0
1532987874.745899,0
1532987874.762356,0
1532987874.779454,0
1532987874.796423,0
1532987874.812784,0
1532987874.829195,0
1532987874.845258,0
1532987874.861621,0
1532987874.877888,0
1532987874.894291,0
1532987874.911266,0
1532987874.928302,0
1532987874.945070,0
1532987874.961707,0
1532987874.978531,0
1532987874.995741,0
1532987875.011834,0
1532987875.028459,0
1532987875.045811,0
1532987875.062241,0
1532987875.078671,0
1532987875.095362,0
1532987875.111786,0
1532987875.128371,0
1532987875.145278,0
1532987875.161967,0
1532987875.178704,0
1532987875.195045,0
1532987875.212099,0
1532987875.229624,0
1532987875.247662,0
1532987875.264440,0
1532987875.281083,0
1532987875.297827,0
1532987875.314837,0
1532987875.331163,0
1532987875.349912,0
1532987875.366493,0
1532987875.384722,0
1532987875.403069,0
1532987875.419565,0
1532987875.435971,0
1532987875.454283,0
1532987875.472016,0
1532987875.488257,0
1532987875.504949,0
1532987875.521252,0
1532987875.537541,0
1532987875.553603,0
1532987875.570151,0
1532987875.588669,0
1532987875.604943,0
1532987875.621441,0
1532987875.638098,0
1532987875.654204,0
1532987875.673875,0
1532987875.691723,0
1532987875.710316,0
1532987875.727132,0
1532987875.743890,0
1532987875.760497,0
1532987875.777348,0
1532987875.794047,0
1532987875.811068,0
1532987875.828417,0
1532987875.845096,0
1532987875.861420,0
1532987875.878174,0
1532987875.894476,0
1532987875.910929,0
1532987875.927475,0
1532987875.944033,0
1532987875.961040,0
1532987875.977922,0
1532987875.994434,0
1532987876.011238,0
1532987876.028158,0
1532987876.045373,0
1532987876.062629,0
1532987876.079349,0
1532987876.121383,0
1532987876.158500,0
1532987876.181451,0
1532987876.206976,0
1532987876.233948,0
1532987876.255148,0
1532987876.276841,0
1532987876.298094,0
1532987876.318935,0
1532987876.337732,0
1532987876.355217,0
1532987876.373312,0
1532987876.391891,0
1532987876.408859,0
1532987876.426100,0
1532987876.443602,0
1532987876.463620,0
1532987876.487741,0
1532987876.505331,0
1532987876.522461,0
1532987876.540381,0
1532987876.557252,0
1532987876.573992,0
1532987876.591146,0
1532987876.608178,0
1532987876.625709,0
1532987876.643754,0
1532987876.661734,0
1532987876.679274,0
1532987876.696285,0
1532987876.713917,0
1532987876.731216,0
1532987876.748325,0
1532987876.765418,0
1532987876.783536,0
1532987876.801609,0
1532987876.819750,0
1532987876.838504,0
1532987876.880198,0
1532987876.911732,0
1532987876.942346,0
1532987876.969951,0
1532987876.991027,0
1532987877.011153,0
1532987877.030505,0
1532987877.050534,0
1532987877.071065,0
1532987877.089958,0
1532987877.110947,0
1532987877.132138,0
1532987877.153135,0
1532987877.174241,0
1532987877.194740,0
1532987877.214377,0
1532987877.234205,0
1532987877.254249,0
1532987877.275556,0
1532987877.294664,0
1532987877.313935,0
1532987877.333423,0
1532987877.351927,0
1532987877.374764,0
1532987877.395083,0
1532987877.415568,0
1532987877.435231,0
1532987877.456250,0
1532987877.476536,0
1532987877.497106,0
1532987877.518250,0
1532987877.539124,0
1532987877.558911,0
1532987877.579998,0
1532987877.600453,0
1532987877.621625,0
1532987877.643220,0
1532987877.667019,0
1532987877.685938,0
1532987877.706989,0
1532987877.726677,0
1532987877.746550,0
1532987877.766989,0
1532987877.786836,0
1532987877.807692,0
1532987877.826418,0
1532987877.846048,0
1532987877.864572,0
1532987877.883724,0
1532987877.902300,0
1532987877.921769,0
1532987877.940388,0
1532987877.960696,0
1532987877.981206,0
1532987878.001815,0
1532987878.021238,0
1532987878.042036,0
1532987878.063676,0
1532987878.084572,0
1532987878.103721,0
1532987878.128763,0
1532987878.145780,0
1532987878.162517,0
1532987878.178906,0
1532987878.195922,0
1532987878.212333,0
1532987878.228790,0
1532987878.245503,0
1532987878.266889,0
1532987878.284768,0
1532987878.302984,0
1532987878.321240,0
1532987878.338791,0
1532987878.357374,0
1532987878.375150,0
1532987878.392552,0
1532987878.410561,0
1532987878.427819,0
1532987878.446151,0
1532987878.463898,0
1532987878.481759,0
1532987878.499090,0
1532987878.516413,0
1532987878.534191,0
1532987878.551611,0
1532987878.569292,0
1532987878.587494,0
1532987878.605163,0
1532987878.622560,0
1532987878.639980,0
1532987878.657480,0
1532987878.674436,0
1532987878.691636,0
1532987878.709231,0
1532987878.726407,0
1532987878.743853,0
1532987878.761205,0
1532987878.778360,0
1532987878.796665,0
1532987878.814351,0
1532987878.832145,0
1532987878.850274,0
1532987878.868121,0
1532987878.885107,0
1532987878.903863,0
1532987878.921275,0
1532987878.940275,0
1532987878.960028,0
1532987878.978415,0
1532987878.997750,0
1532987879.015733,0
1532987879.034689,0
1532987879.053620,0
1532987879.071556,0
1532987879.088874,0
1532987879.107300,0
1532987879.125106,0
1532987879.143306,0
1532987879.160699,0
1532987879.178310,0
1532987879.195617,0
1532987879.213066,0
1532987879.230612,0
1532987879.248248,0
1532987879.265669,0
1532987879.283107,0
1532987879.300304,0
1532987879.319026,0
1532987879.336811,0
1532987879.353892,0
1532987879.398984,0
1532987879.451364,0
1532987879.476162,0
1532987879.496502,0
1532987879.517116,0
1532987879.537269,0
1532987879.556019,0
1532987879.576524,0
1532987879.597644,0
1532987879.617216,0
1532987879.639668,0
1532987879.661204,0
1532987879.680616,0
1532987879.700011,0
1532987879.719657,0
1532987879.738915,0
1532987879.757973,0
1532987879.777763,0
1532987879.797125,0
1532987879.816457,0
1532987879.834718,0
1532987879.853290,0
1532987879.873069,0
1532987879.892126,0
1532987879.911427,0
1532987879.930707,0
1532987879.950013,0
1532987879.969832,0
1532987879.989540,0
1532987880.013682,0
1532987880.032753,0
1532987880.051473,0
1532987880.070323,0
1532987880.087921,0
1532987880.104918,0
1532987880.121615,0
1532987880.137880,0
1532987880.154614,0
1532987880.173031,0
1532987880.189777,0
1532987880.207444,0
1532987880.224580,0
1532987880.241699,0
1532987880.259152,0
1532987880.276433,0
1532987880.294972,0
1532987880.312277,0
1532987880.329237,0
1532987880.346533,0
1532987880.365191,0
1532987880.383610,0
1532987880.401174,0
1532987880.419824,0
1532987880.436804,0
1532987880.455080,0
1532987880.472315,0
1532987880.489810,0
1532987880.507616,0
1532987880.525673,0
1532987880.544263,0
1532987880.562803,0
1532987880.581300,0
1532987880.599200,0
1532987880.616925,0
1532987880.634912,0
1532987880.652781,0
1532987880.671681,0
1532987880.689827,0
1532987880.707671,0
1532987880.725450,0
1532987880.742176,0
1532987880.758914,0
1532987880.776501,0
1532987880.793138,0
1532987880.811682,0
1532987880.828813,0
1532987880.845566,0
1532987880.862590,0
1532987880.879225,0
1532987880.896928,0
1532987880.913770,0
1532987880.930651,0
1532987880.947594,0
1532987880.964222,0
1532987880.981035,0
1532987880.998448,0
1532987881.015309,0
1532987881.032811,0
1532987881.051242,0
1532987881.068453,0
1532987881.085741,0
1532987881.104711,0
1532987881.121725,0
1532987881.141544,0
1532987881.159328,0
1532987881.179135,0
1532987881.197485,0
1532987881.216228,0
1532987881.234286,0
1532987881.251830,0
1532987881.271853,0
1532987881.289894,0
1532987881.308350,0
1532987881.326356,0
1532987881.344358,0
1532987881.362162,0
1532987881.379465,0
1532987881.397349,0
1532987881.414668,0
1532987881.431900,0
1532987881.449449,0
1532987881.467297,0
1532987881.483820,0
1532987881.501557,0
1532987881.519206,0
1532987881.535997,0
1532987881.552521,0
1532987881.570001,0
1532987881.587696,0
1532987881.605126,0
1532987881.621874,0
1532987881.639058,0
1532987881.656697,0
1532987881.674156,0
1532987881.690630,0
1532987881.707554,0
1532987881.724691,0
1532987881.743198,0
1532987881.760226,0
1532987881.778584,0
1532987881.795017,0
1532987881.813092,0
1532987881.849701,0
1532987881.874317,0
1532987881.897512,0
1532987881.919161,0
1532987881.942775,0
1532987881.965523,0
1532987881.986434,0
1532987882.003782,0
1532987882.023271,0
1532987882.041051,0
1532987882.059385,0
1532987882.077175,0
1532987882.096391,0
1532987882.116146,0
1532987882.135981,0
1532987882.153231,0
1532987882.172520,0
1532987882.191847,0
1532987882.209786,0
1532987882.229706,0
1532987882.249293,0
1532987882.269102,0
1532987882.288244,0
1532987882.307372,0
1532987882.325979,0
1532987882.343596,0
1532987882.362904,0
1532987882.384364,0
1532987882.401090,0
1532987882.418358,0
1532987882.436245,0
1532987882.453967,0
1532987882.473057,0
1532987882.492070,0
1532987882.511674,0
1532987882.530461,0
1532987882.550289,0
1532987882.568575,0
1532987882.587713,0
1532987882.605768,0
1532987882.624930,0
1532987882.643074,0
1532987882.661649,0
1532987882.679422,0
1532987882.697288,0
1532987882.715244,0
1532987882.733158,0
1532987882.751651,0
1532987882.769438,0
1532987882.787014,0
1532987882.804748,0
1532987882.822432,0
1532987882.841208,0
1532987882.859928,0
1532987882.877523,0
1532987882.895397,0
1532987882.912821,0
1532987882.930681,0
1532987882.948280,0
1532987882.965872,0
1532987882.984072,0
1532987883.003259,0
1532987883.021078,0
1532987883.038387,0
1532987883.056292,0
1532987883.074074,0
1532987883.091283,0
1532987883.109078,0
1532987883.128488,0
1532987883.147922,0
1532987883.165760,0
1532987883.183923,0
1532987883.201685,0
1532987883.219531,0
1532987883.236547,0
1532987883.254054,0
1532987883.271720,0
1532987883.289489,0
1532987883.306910,0
1532987883.324342,0
1532987883.342103,0
1532987883.359599,0
1532987883.376630,0
1532987883.393653,0
1532987883.411574,0
1532987883.428956,0
1532987883.446366,0
1532987883.463823,0
1532987883.480928,0
1532987883.497910,0
1532987883.515413,0
1532987883.532127,0
1532987883.550018,0
1532987883.567212,0
1532987883.584678,0
1532987883.602333,0
1532987883.619623,0
1532987883.635945,0
1532987883.652882,0
1532987883.670990,0
1532987883.688269,0
1532987883.705086,0
1532987883.722620,0
1532987883.739557,0
1532987883.756596,0
1532987883.773537,0
1532987883.791108,0
1532987883.809454,0
1532987883.827764,0
1532987883.845954,0
1532987883.862940,0
1532987883.880236,0
1532987883.897563,0
1532987883.914626,0
1532987883.931987,0
1532987883.949297,0
1532987883.966228,0
1532987883.983688,0
1532987884.000565,0
1532987884.017480,0
1532987884.034778,0
1532987884.051897,0
1532987884.069059,0
1532987884.085849,0
1532987884.102787,0
1532987884.119723,0
1532987884.136418,0
1532987884.152753,0
1532987884.169370,0
1532987884.185682,0
1532987884.201953,0
1532987884.218672,0
1532987884.234933,0
1532987884.251448,0
1532987884.268677,0
1532987884.285970,0
1532987884.303350,0
1532987884.320877,0
1532987884.338363,0
1532987884.355296,0
1532987884.371935,0
1532987884.389089,0
1532987884.406229,0
1532987884.422711,0
1532987884.439678,0
1532987884.457123,0
1532987884.475170,0
1532987884.492081,0
1532987884.510251,0
1532987884.527785,0
1532987884.545213,0
1532987884.562813,0
1532987884.581198,0
1532987884.599434,0
1532987884.616273,0
1532987884.633195,0
1532987884.650173,0
1532987884.667208,0
1532987884.684487,0
1532987884.701385,0
1532987884.718322,0
1532987884.736626,0
1532987884.753504,0
1532987884.771314,0
1532987884.788311,0
1532987884.804812,0
1532987884.821890,0
1532987884.838349,0
1532987884.854982,0
1532987884.872063,0
1532987884.888881,0
1532987884.905878,0
1532987884.923005,0
1532987884.939506,0
1532987884.956173,0
1532987884.972711,0
1532987884.988997,0
1532987885.005870,0
1532987885.022599,0
1532987885.039675,0
1532987885.057315,0
1532987885.074814,0
1532987885.092566,0
1532987885.109498,0
1532987885.126601,0
1532987885.144225,0
1532987885.160946,0
1532987885.178378,0
1532987885.195114,0
1532987885.212615,0
1532987885.230620,0
1532987885.248092,0
1532987885.265699,0
1532987885.284464,0
1532987885.301443,0
1532987885.318824,0
1532987885.335816,0
1532987885.352524,0
1532987885.369498,0
1532987885.386331,0
1532987885.402666,0
1532987885.421152,0
1532987885.437709,0
1532987885.454369,0
1532987885.471809,0
1532987885.488487,0
1532987885.505110,0
1532987885.522693,0
1532987885.539480,0
1532987885.556619,0
1532987885.574287,0
1532987885.590788,0
1532987885.608037,0
1532987885.624934,0
1532987885.641633,0
1532987885.658663,0
1532987885.675389,0
1532987885.691861,0
1532987885.708887,0
1532987885.725780,0
1532987885.742613,0
1532987885.759549,0
1532987885.775973,0
1532987885.793113,0
1532987885.809993,0
1532987885.826263,0
1532987885.843377,0
1532987885.859781,0
1532987885.876450,0
1532987885.892871,0
1532987885.909062,0
1532987885.925705,0
1532987885.942462,0
1532987885.959276,0
1532987885.976092,0
1532987885.993082,0
1532987886.009168,0
1532987886.025331,0
1532987886.042201,0
1532987886.058680,0
1532987886.075412,0
1532987886.094086,0
1532987886.110740,0
1532987886.127768,0
1532987886.145675,0
1532987886.163636,0
1532987886.180187,0
1532987886.197457,0
1532987886.214325,0
1532987886.231110,0
1532987886.248094,0
1532987886.265270,0
1532987886.282346,0
1532987886.299230,0
1532987886.315984,0
1532987886.332236,0
1532987886.348734,0
1532987886.365212,0
1532987886.381410,0
1532987886.398724,0
1532987886.414951,0
1532987886.431305,0
1532987886.447727,0
1532987886.464176,0
1532987886.480491,0
1532987886.497692,0
1532987886.514467,0
1532987886.531414,0
1532987886.548699,0
1532987886.565775,0
1532987886.584386,0
1532987886.602486,0
1532987886.621003,0
1532987886.637916,0
1532987886.653909,0
1532987886.670129,0
1532987886.687173,0
1532987886.703558,0
1532987886.720586,0
1532987886.737181,0
1532987886.754687,0
1532987886.771530,0
1532987886.789763,0
1532987886.806705,0
1532987886.824388,0
1532987886.842589,0
1532987886.860326,0
1532987886.877530,0
1532987886.896648,0
1532987886.916141,0
1532987886.933478,0
1532987886.952194,0
1532987886.969765,0
1532987886.988160,0
1532987887.005707,0
1532987887.023703,0
1532987887.040766,0
1532987887.058653,0
1532987887.077530,0
1532987887.094995,0
1532987887.113391,0
1532987887.132085,0
1532987887.150071,0
1532987887.167898,0
1532987887.185320,0
1532987887.202040,0
1532987887.219319,0
1532987887.236646,0
1532987887.254767,0
1532987887.273245,0
1532987887.291282,0
1532987887.308085,0
1532987887.362011,0
1532987887.383919,0
1532987887.402414,0
1532987887.419853,0
1532987887.436891,0
1532987887.454696,0
1532987887.472152,0
1532987887.488960,0
1532987887.506553,0
1532987887.524159,0
1532987887.541612,0
1532987887.559385,0
1532987887.576579,0
1532987887.594030,0
1532987887.611071,0
1532987887.628377,0
1532987887.645953,0
1532987887.662895,0
1532987887.680376,0
1532987887.697708,0
1532987887.716930,0
1532987887.734515,0
1532987887.754050,0
1532987887.771895,0
1532987887.790462,0
1532987887.808495,0
1532987887.827112,0
1532987887.846660,0
1532987887.865746,0
1532987887.885332,0
1532987887.904253,0
1532987887.923806,0
1532987887.942747,0
1532987887.961184,0
1532987887.980181,0
1532987887.997850,0
1532987888.014695,0
1532987888.031982,0
1532987888.049522,0
1532987888.066846,0
1532987888.084567,0
1532987888.101855,0
1532987888.119438,0
1532987888.137230,0
1532987888.155570,0
1532987888.174452,0
1532987888.191982,0
1532987888.210096,0
1532987888.228194,0
1532987888.246691,0
1532987888.266715,0
1532987888.286404,0
1532987888.305417,0
1532987888.324453,0
1532987888.343742,0
1532987888.361938,0
1532987888.381530,0
1532987888.400767,0
1532987888.418280,0
1532987888.437609,0
1532987888.455302,0
1532987888.472732,0
1532987888.492262,0
1532987888.511259,0
1532987888.529828,0
1532987888.547400,0
1532987888.566913,0
1532987888.585728,0
1532987888.605867,0
1532987888.625348,0
1532987888.643381,0
1532987888.661988,0
1532987888.680027,0
1532987888.697972,0
1532987888.717383,0
1532987888.734455,0
1532987888.751640,0
1532987888.769358,0
1532987888.787352,0
1532987888.804831,0
1532987888.822937,0
1532987888.840779,0
1532987888.859063,0
1532987888.878277,0
1532987888.897998,0
1532987888.916838,0
1532987888.936276,0
1532987888.991196,0
1532987889.028564,0
1532987889.049751,0
1532987889.071294,0
1532987889.090713,0
1532987889.109391,0
1532987889.130598,0
1532987889.150157,0
1532987889.170962,0
1532987889.191388,0
1532987889.211365,0
1532987889.230639,0
1532987889.250491,0
1532987889.271064,0
1532987889.291075,0
1532987889.312385,0
1532987889.331802,0
1532987889.350913,0
1532987889.371352,0
1532987889.392225,0
1532987889.412051,0
1532987889.431531,0
1532987889.452018,0
1532987889.471775,0
1532987889.493466,0
1532987889.513257,0
1532987889.534931,0
1532987889.555854,0
1532987889.575381,0
1532987889.596404,0
1532987889.616650,0
1532987889.637047,0
1532987889.656830,0
1532987889.678091,0
1532987889.697827,0
1532987889.718308,0
1532987889.738641,0
1532987889.759481,0
1532987889.779291,0
1532987889.798472,0
1532987889.816973,0
1532987889.835822,0
1532987889.854790,0
1532987889.875590,0
1532987889.895864,0
1532987889.915260,0
1532987889.937832,0
1532987889.957689,0
1532987889.978426,0
1532987889.999921,0
1532987890.020381,0
1532987890.041239,0
1532987890.062094,0
1532987890.082938,0
1532987890.103037,0
1532987890.124366,0
1532987890.145931,0
1532987890.166280,0
1532987890.188411,0
1532987890.208701,0
1532987890.229942,0
1532987890.250842,0
1532987890.270923,0
1532987890.292198,0
1532987890.314416,0
1532987890.335125,0
1532987890.355708,0
1532987890.376503,0
1532987890.395764,0
1532987890.414394,0
1532987890.433622,0
1532987890.452402,0
1532987890.471528,0
1532987890.492888,0
1532987890.511756,0
1532987890.532797,0
1532987890.553855,0
1532987890.576253,0
1532987890.597285,0
1532987890.617759,0
1532987890.637671,0
1532987890.657671,0
1532987890.679173,0
1532987890.698940,0
1532987890.718897,0
1532987890.739800,0
1532987890.759264,0
1532987890.779840,0
1532987890.799484,0
1532987890.818697,0
1532987890.838018,0
1532987890.857552,0
1532987890.878909,0
1532987890.899384,0
1532987890.919615,0
1532987890.939944,0
1532987890.960557,0
1532987890.983401,0
1532987891.004506,0
1532987891.025347,0
1532987891.046138,0
1532987891.066165,0
1532987891.087369,0
1532987891.108271,0
1532987891.128670,0
1532987891.148540,0
1532987891.166933,0
1532987891.185262,0
1532987891.205336,0
1532987891.224582,0
1532987891.244239,0
1532987891.264018,0
1532987891.283882,0
1532987891.302939,0
1532987891.322306,0
1532987891.341570,0
1532987891.361374,0
1532987891.380374,0
1532987891.400252,0
1532987891.421399,0
1532987891.441730,0
1532987891.462758,0
1532987891.483154,0
1532987891.502637,0
1532987891.523846,0
1532987891.543160,0
1532987891.561539,0
1532987891.580361,0
1532987891.599980,0
1532987891.619073,0
1532987891.657555,0
1532987891.679991,0
1532987891.702970,0
1532987891.727439,0
1532987891.750089,0
1532987891.774045,0
1532987891.797728,0
1532987891.821618,0
1532987891.843512,0
1532987891.864884,0
1532987891.889639,0
1532987891.912315,0
1532987891.934460,0
1532987891.955907,0
1532987891.977383,0
1532987891.999028,0
1532987892.021943,0
1532987892.044077,0
1532987892.065991,0
1532987892.087207,0
1532987892.110314,0
1532987892.133043,0
1532987892.155799,0
1532987892.174195,0
1532987892.191597,0
1532987892.209545,0
1532987892.227469,0
1532987892.245043,0
1532987892.262761,0
1532987892.280303,0
1532987892.297980,0
1532987892.315389,0
1532987892.332650,0
1532987892.349334,0
1532987892.365646,0
1532987892.382922,0
1532987892.399617,0
1532987892.416005,0
1532987892.432522,0
1532987892.449748,0
1532987892.468539,0
1532987892.487043,0
1532987892.503407,0
1532987892.521546,0
1532987892.537822,0
1532987892.555851,0
1532987892.573308,0
1532987892.590195,0
1532987892.608285,0
1532987892.625404,0
1532987892.643188,0
1532987892.660354,0
1532987892.676795,0
1532987892.693073,0
1532987892.709679,0
1532987892.725719,0
1532987892.742127,0
1532987892.758144,0
1532987892.774366,0
1532987892.790540,0
1532987892.806999,0
1532987892.823524,0
1532987892.840001,0
1532987892.856818,0
1532987892.873681,0
1532987892.890428,0
1532987892.907607,0
1532987892.925159,0
1532987892.942607,0
1532987892.959557,0
1532987892.977743,0
1532987892.994611,0
1532987893.010988,0
1532987893.027228,0
1532987893.043583,0
1532987893.060361,0
1532987893.076501,0
1532987893.093305,0
1532987893.109525,0
1532987893.125743,0
1532987893.142796,0
1532987893.158679,0
1532987893.174662,0
1532987893.191205,0
1532987893.209425,0
1532987893.226038,0
1532987893.244672,0
1532987893.262903,0
1532987893.280606,0
1532987893.297555,0
1532987893.338465,0
1532987893.381897,0
1532987893.407029,0
1532987893.425683,0
1532987893.443173,0
1532987893.460222,0
1532987893.477729,0
1532987893.494766,0
1532987893.512211,0
1532987893.529685,0
1532987893.546763,0
1532987893.563708,0
1532987893.580648,0
1532987893.598081,0
1532987893.615418,0
1532987893.632073,0
1532987893.648731,0
1532987893.665809,0
1532987893.682806,0
1532987893.699592,0
1532987893.716155,0
1532987893.732743,0
1532987893.750150,0
1532987893.767431,0
1532987893.784064,0
1532987893.800899,0
1532987893.817604,0
1532987893.834322,0
1532987893.851221,0
1532987893.868544,0
1532987893.885787,0
1532987893.902475,0
1532987893.921168,0
1532987893.939840,0
1532987893.958679,0
1532987893.977407,0
1532987893.995481,0
1532987894.012817,0
1532987894.031036,0
1532987894.048090,0
1532987894.065671,0
1532987894.082588,0
1532987894.099642,0
1532987894.116751,0
1532987894.134171,0
1532987894.151781,0
1532987894.169724,0
1532987894.187198,0
1532987894.204610,0
1532987894.222426,0
1532987894.240327,0
1532987894.257219,0
1532987894.274575,0
1532987894.291929,0
1532987894.309001,0
1532987894.326346,0
1532987894.343272,0
1532987894.360236,0
1532987894.377194,0
1532987894.394087,0
1532987894.412249,0
1532987894.429754,0
1532987894.446876,0
1532987894.465155,0
1532987894.482305,0
1532987894.499705,0
1532987894.517182,0
1532987894.534404,0
1532987894.551202,0
1532987894.591617,0
1532987894.617801,0
1532987894.636369,0
1532987894.654187,0
1532987894.671988,0
1532987894.689697,0
1532987894.707133,0
1532987894.725076,0
1532987894.743082,0
1532987894.760102,0
1532987894.777617,0
1532987894.794133,0
1532987894.811363,0
1532987894.828608,0
1532987894.845580,0
1532987894.863173,0
1532987894.882213,0
1532987894.899811,0
1532987894.916125,0
1532987894.933134,0
1532987894.949928,0
1532987894.966404,0
1532987894.983183,0
1532987895.001603,0
1532987895.018314,0
1532987895.036251,0
1532987895.053373,0
1532987895.070887,0
1532987895.087908,0
1532987895.105462,0
1532987895.122991,0
1532987895.140232,0
1532987895.157235,0
1532987895.175146,0
1532987895.192656,0
1532987895.209486,0
1532987895.226348,0
1532987895.243544,0
1532987895.260189,0
1532987895.277992,0
1532987895.296077,0
1532987895.312821,0
1532987895.329916,0
1532987895.346854,0
1532987895.363296,0
1532987895.380729,0
1532987895.397428,0
1532987895.414429,0
1532987895.431670,0
1532987895.448434,0
1532987895.465676,0
1532987895.483100,0
1532987895.499688,0
1532987895.516375,0
1532987895.533712,0
1532987895.551897,0
1532987895.568809,0
1532987895.585456,0
1532987895.601978,0
1532987895.618226,0
1532987895.635327,0
1532987895.652074,0
1532987895.668576,0
1532987895.685813,0
1532987895.702943,0
1532987895.719667,0
1532987895.736430,0
1532987895.753431,0
1532987895.770586,0
1532987895.787389,0
1532987895.804278,0
1532987895.821449,0
1532987895.838587,0
1532987895.855590,0
1532987895.872592,0
1532987895.889165,0
1532987895.905925,0
1532987895.924172,0
1532987895.940600,0
1532987895.957065,0
1532987895.973491,0
1532987895.991734,0
1532987896.008328,0
1532987896.024504,0
1532987896.041708,0
1532987896.059882,0
1532987896.077119,0
1532987896.094575,0
1532987896.111226,0
1532987896.127865,0
1532987896.145250,0
1532987896.161798,0
1532987896.178990,0
1532987896.195914,0
1532987896.212081,0
1532987896.229171,0
1532987896.245662,0
1532987896.262468,0
1532987896.279736,0
1532987896.296278,0
1532987896.313153,0
1532987896.329707,0
1532987896.345964,0
1532987896.362634,0
1532987896.379089,0
1532987896.395119,0
1532987896.411752,0
1532987896.428426,0
1532987896.444659,0
1532987896.461097,0
1532987896.477626,0
1532987896.494038,0
1532987896.510638,0
1532987896.528086,0
1532987896.544416,0
1532987896.562152,0
1532987896.579174,0
1532987896.595776,0
1532987896.613067,0
1532987896.630056,0
1532987896.646845,0
1532987896.663679,0
1532987896.680254,0
1532987896.696855,0
1532987896.713758,0
1532987896.729877,0
1532987896.747447,0
1532987896.764288,0
1532987896.780980,0
1532987896.797666,0
1532987896.814156,0
1532987896.830837,0
1532987896.854691,0
1532987896.874104,0
1532987896.893635,0
1532987896.913220,0
1532987896.931060,0
1532987896.950986,0
1532987896.969515,0
1532987896.989384,0
1532987897.008450,0
1532987897.027122,0
1532987897.046322,0
1532987897.065697,0
1532987897.084233,0
1532987897.102926,0
1532987897.122335,0
1532987897.140972,0
1532987897.159237,0
1532987897.177350,0
1532987897.194982,0
1532987897.213650,0
1532987897.231746,0
1532987897.250059,0
1532987897.268350,0
1532987897.286123,0
1532987897.306168,0
1532987897.324719,0
1532987897.343664,0
1532987897.363079,0
1532987897.382273,0
1532987897.401385,0
1532987897.420819,0
1532987897.440908,0
1532987897.459967,0
1532987897.480480,0
1532987897.498970,0
1532987897.518970,0
1532987897.537288,0
1532987897.555844,0
1532987897.575399,0
1532987897.595116,0
1532987897.614827,0
1532987897.634165,0
1532987897.652853,0
1532987897.672110,0
1532987897.690089,0
1532987897.708415,0
1532987897.726907,0
1532987897.745458,0
1532987897.765882,0
1532987897.784642,0
1532987897.804167,0
1532987897.823364,0
1532987897.841824,0
1532987897.861602,0
1532987897.880288,0
1532987897.899733,0
1532987897.919819,0
1532987897.937711,0
1532987897.955895,0
1532987897.975901,0
1532987897.994546,0
1532987898.015852,0
1532987898.036120,0
1532987898.055613,0
1532987898.075095,0
1532987898.094189,0
1532987898.114574,0
1532987898.134600,0
1532987898.154595,0
1532987898.173847,0
1532987898.194531,0
1532987898.213433,0
1532987898.233062,0
1532987898.252228,0
1532987898.271221,0
1532987898.289927,0
1532987898.308897,0
1532987898.327806,0
1532987898.346484,0
1532987898.364903,0
1532987898.383177,0
1532987898.401175,0
1532987898.419274,0
1532987898.437866,0
1532987898.456975,0
1532987898.475494,0
1532987898.493599,0
1532987898.512090,0
1532987898.530176,0
1532987898.548350,0
1532987898.567669,0
1532987898.586118,0
1532987898.604132,0
1532987898.622533,0
1532987898.641272,0
1532987898.660453,0
1532987898.680380,0
1532987898.698295,0
1532987898.717668,0
1532987898.739551,0
1532987898.759089,0
1532987898.778344,0
1532987898.798034,0
1532987898.818448,0
1532987898.838375,0
1532987898.857769,0
1532987898.878088,0
1532987898.897483,0
1532987898.916671,0
1532987898.935374,0
1532987898.954454,0
1532987898.973954,0
1532987898.993716,0
1532987899.012948,0
1532987899.031242,0
1532987899.049712,0
1532987899.067753,0
1532987899.086163,0
1532987899.104103,0
1532987899.122763,0
1532987899.142278,0
1532987899.162010,0
1532987899.178271,0
1532987899.194235,0
1532987899.210880,0
1532987899.227970,0
1532987899.244542,0
1532987899.262043,0
1532987899.278507,0
1532987899.295931,0
1532987899.315050,0
1532987899.332370,0
1532987899.350291,0
1532987899.367477,0
1532987899.385140,0
1532987899.402216,0
1532987899.418796,0
1532987899.436916,0
1532987899.453292,0
1532987899.472211,0
1532987899.488948,0
1532987899.505657,0
1532987899.522452,0
1532987899.538905,0
1532987899.556164,0
1532987899.573085,0
1532987899.589852,0
1532987899.606899,0
1532987899.623719,0
1532987899.640151,0
1532987899.656836,0
1532987899.673634,0
1532987899.690421,0
1532987899.707376,0
1532987899.724176,0
1532987899.741656,0
1532987899.758774,0
1532987899.775664,0
1532987899.792074,0
1532987899.808482,0
1532987899.825540,0
1532987899.842386,0
1532987899.859102,0
1532987899.876500,0
1532987899.893777,0
1532987899.910267,0
1532987899.927748,0
1532987899.946103,0
1532987899.963255,0
1532987899.981072,0
1532987899.999043,0
1532987900.016988,0
1532987900.034640,0
1532987900.051456,0
1532987900.068755,0
1532987900.086528,0
1532987900.103942,0
1532987900.121862,0
1532987900.138948,0
1532987900.155822,0
1532987900.173903,0
1532987900.190307,0
1532987900.207141,0
1532987900.223568,0
1532987900.240102,0
1532987900.256951,0
1532987900.273517,0
1532987900.291029,0
1532987900.309278,0
1532987900.325970,0
1532987900.343549,0
1532987900.360295,0
1532987900.378387,0
1532987900.395571,0
1532987900.414364,0
1532987900.431515,0
1532987900.448624,0
1532987900.466400,0
1532987900.483901,0
1532987900.501789,0
1532987900.520041,0
1532987900.537116,0
1532987900.555166,0
1532987900.572038,0
1532987900.590553,0
1532987900.608915,0
1532987900.627443,0
1532987900.645137,0
1532987900.662201,0
1532987900.680549,0
1532987900.697885,0
1532987900.715475,0
1532987900.732260,0
1532987900.750450,0
1532987900.767507,0
1532987900.784924,0
1532987900.802316,0
1532987900.819445,0
1532987900.836767,0
1532987900.853910,0
1532987900.870908,0
1532987900.888410,0
1532987900.904653,0
1532987900.922373,0
1532987900.939245,0
1532987900.955665,0
1532987900.972592,0
1532987900.989214,0
1532987901.005948,0
1532987901.023375,0
1532987901.041799,0
1532987901.060179,0
1532987901.078429,0
1532987901.095690,0
1532987901.114516,0
1532987901.133045,0
1532987901.151119,0
1532987901.168353,0
1532987901.185004,0
1532987901.201065,0
1532987901.218038,0
1532987901.234986,0
1532987901.251282,0
1532987901.269058,0
1532987901.288349,0
1532987901.305599,0
1532987901.322857,0
1532987901.341435,0
1532987901.359577,0
1532987901.378144,0
1532987901.395696,0
1532987901.414017,0
1532987901.431006,0
1532987901.449064,0
1532987901.467459,0
1532987901.487656,0
1532987901.504686,0
1532987901.521173,0
1532987901.538120,0
1532987901.555161,0
1532987901.571762,0
1532987901.588705,0
1532987901.605697,0
1532987901.621742,0
1532987901.639225,0
1532987901.655344,0
1532987901.671417,0
1532987901.688441,0
1532987901.704468,0
1532987901.720398,0
1532987901.737384,0
1532987901.755850,0
1532987901.774302,0
1532987901.791316,0
1532987901.809155,0
1532987901.825482,0
1532987901.843734,0
1532987901.861507,0
1532987901.878636,0
1532987901.896337,0
1532987901.913221,0
1532987901.930539,0
1532987901.948301,0
1532987901.965709,0
1532987901.984264,0
1532987902.001921,0
1532987902.018870,0
1532987902.036085,0
1532987902.053181,0
1532987902.072316,0
1532987902.092550,0
1532987902.111862,0
1532987902.130260,0
1532987902.150148,0
1532987902.167400,0
1532987902.186244,0
1532987902.203693,0
1532987902.222351,0
1532987902.240247,0
1532987902.259403,0
1532987902.276497,0
1532987902.294060,0
1532987902.311681,0
1532987902.330616,0
1532987902.350428,0
1532987902.369411,0
1532987902.388290,0
1532987902.407144,0
1532987902.425009,0
1532987902.444640,0
1532987902.462983,0
1532987902.480811,0
1532987902.499074,0
1532987902.516739,0
1532987902.534706,0
1532987902.553182,0
1532987902.571938,0
1532987902.590275,0
1532987902.607391,0
1532987902.626121,0
1532987902.642943,0
1532987902.660456,0
1532987902.677748,0
1532987902.694939,0
1532987902.712596,0
1532987902.730049,0
1532987902.747481,0
1532987902.765276,0
1532987902.784196,0
1532987902.801655,0
1532987902.820764,0
1532987902.839567,0
1532987902.858692,0
1532987902.876081,0
1532987902.894664,0
1532987902.912667,0
1532987902.930512,0
1532987902.948180,0
1532987902.966154,0
1532987902.984325,0
1532987903.002940,0
1532987903.020709,0
1532987903.039323,0
1532987903.057632,0
1532987903.075491,0
1532987903.093112,0
1532987903.110835,0
1532987903.129443,0
1532987903.147301,0
1532987903.164564,0
1532987903.183461,0
1532987903.200919,0
1532987903.218571,0
1532987903.237284,0
1532987903.254380,0
1532987903.272589,0
1532987903.291464,0
1532987903.309391,0
1532987903.326494,0
1532987903.344134,0
1532987903.361712,0
1532987903.378928,0
1532987903.396248,0
1532987903.415109,0
1532987903.433335,0
1532987903.450840,0
1532987903.469356,0
1532987903.488339,0
1532987903.505808,0
1532987903.524749,0
1532987903.543494,0
1532987903.562366,0
1532987903.581319,0
1532987903.598459,0
1532987903.616247,0
1532987903.634460,0
1532987903.652651,0
1532987903.671490,0
1532987903.690192,0
1532987903.708140,0
1532987903.726599,0
1532987903.745880,0
1532987903.763148,0
1532987903.780599,0
1532987903.797729,0
1532987903.815336,0
1532987903.832424,0
1532987903.850104,0
1532987903.867413,0
1532987903.886487,0
1532987903.904523,0
1532987903.922897,0
1532987903.941106,0
1532987903.958929,0
1532987903.976461,0
1532987903.994272,0
1532987904.012635,0
1532987904.031789,0
1532987904.049481,0
1532987904.067111,0
1532987904.084476,0
1532987904.101772,0
1532987904.118800,0
1532987904.135904,0
1532987904.152936,0
1532987904.169958,0
1532987904.187450,0
1532987904.204222,0
1532987904.221299,0
1532987904.239317,0
1532987904.256601,0
1532987904.273940,0
1532987904.291394,0
1532987904.308438,0
1532987904.325566,0
1532987904.342537,0
1532987904.359982,0
1532987904.377543,0
1532987904.395420,0
1532987904.413382,0
1532987904.430470,0
1532987904.448563,0
1532987904.467061,0
1532987904.484754,0
1532987904.502038,0
1532987904.519346,0
1532987904.536161,0
1532987904.555061,0
1532987904.572150,0
1532987904.589631,0
1532987904.607185,0
1532987904.625027,0
1532987904.643693,0
1532987904.661471,0
1532987904.679094,0
1532987904.696746,0
1532987904.714740,0
1532987904.731676,0
1532987904.750406,0
1532987904.768080,0
1532987904.785815,0
1532987904.804203,0
1532987904.821254,0
1532987904.839391,0
1532987904.856910,0
1532987904.874384,0
1532987904.892442,0
1532987904.911156,0
1532987904.928876,0
1532987904.946841,0
1532987904.965712,0
1532987904.983969,0
1532987905.026942,0
1532987905.069888,0
1532987905.093272,0
1532987905.118880,0
1532987905.146767,0
1532987905.169436,0
1532987905.192134,0
1532987905.214469,0
1532987905.237035,0
1532987905.260524,0
1532987905.283069,0
1532987905.305625,0
1532987905.328001,0
1532987905.352355,0
1532987905.377817,0
1532987905.402549,0
1532987905.424891,0
1532987905.447520,0
1532987905.469192,0
1532987905.491042,0
1532987905.512251,0
1532987905.534148,0
1532987905.555461,0
1532987905.577565,0
1532987905.595128,0
1532987905.613493,0
1532987905.630600,0
1532987905.647487,0
1532987905.664608,0
1532987905.681893,0
1532987905.698729,0
1532987905.715951,0
1532987905.732580,0
1532987905.749527,0
1532987905.767381,0
1532987905.784806,0
1532987905.802997,0
1532987905.820919,0
1532987905.838669,0
1532987905.857284,0
1532987905.875300,0
1532987905.893913,0
1532987905.912986,0
1532987905.930952,0
1532987905.949314,0
1532987905.969810,0
1532987905.987210,0
1532987906.005533,0
1532987906.024231,0
1532987906.042283,0
1532987906.059831,0
1532987906.077793,0
1532987906.095327,0
1532987906.112991,0
1532987906.130446,0
1532987906.168971,0
1532987906.212415,0
1532987906.238268,0
1532987906.260515,0
1532987906.283609,0
1532987906.304923,0
1532987906.324148,0
1532987906.341434,0
1532987906.359023,0
1532987906.377908,0
1532987906.395878,0
1532987906.412902,0
1532987906.430693,0
1532987906.449129,0
1532987906.466667,0
