1531768537.792786,0
1531768537.831363,0
1531768537.855911,0
1531768537.880432,0
1531768537.907348,0
1531768537.934183,1
1531768537.958708,0
1531768537.983269,0
1531768538.007604,0
1531768538.027356,0
1531768538.044265,0
1531768538.060931,0
1531768538.079320,0
1531768538.096104,0
1531768538.112754,0
1531768538.129237,0
1531768538.145961,0
1531768538.164440,0
1531768538.183201,0
1531768538.198917,0
1531768538.215724,0
1531768538.232699,0
1531768538.251714,0
1531768538.267862,0
1531768538.284451,0
1531768538.300655,0
1531768538.319043,0
1531768538.335713,0
1531768538.352397,0
1531768538.368869,0
1531768538.385984,0
1531768538.402852,0
1531768538.419639,0
1531768538.436101,0
1531768538.455131,0
1531768538.471823,0
1531768538.494193,0
1531768538.512390,0
1531768538.529079,0
1531768538.547155,0
1531768538.565179,0
1531768538.582434,0
1531768538.598981,0
1531768538.615893,0
1531768538.631855,0
1531768538.649520,0
1531768538.665520,0
1531768538.681316,0
1531768538.699502,0
1531768538.717383,0
1531768538.735309,0
1531768538.751149,0
1531768538.767126,0
1531768538.783575,0
1531768538.800024,0
1531768538.818717,0
1531768538.836719,0
1531768538.855308,0
1531768538.873340,0
1531768538.890843,0
1531768538.908905,0
1531768538.925051,0
1531768538.942652,0
1531768538.961151,0
1531768538.979547,0
1531768538.996062,0
1531768539.014313,0
1531768539.031886,0
1531768539.050472,0
1531768539.068707,0
1531768539.091357,0
1531768539.109902,0
1531768539.128329,0
1531768539.146238,0
1531768539.163641,0
1531768539.181301,0
1531768539.198748,0
1531768539.215175,0
1531768539.230936,0
1531768539.247951,0
1531768539.263745,0
1531768539.279733,0
1531768539.295760,0
1531768539.311596,0
1531768539.327419,0
1531768539.343008,0
1531768539.358615,0
1531768539.374607,0
1531768539.390709,0
1531768539.406232,0
1531768539.422179,0
1531768539.438006,0
1531768539.454799,0
1531768539.471983,0
1531768539.488717,0
1531768539.505324,0
1531768539.521716,0
1531768539.539969,0
1531768539.560145,0
1531768539.576992,0
1531768539.594348,0
1531768539.610218,0
1531768539.626267,0
1531768539.643080,0
1531768539.659486,0
1531768539.675977,0
1531768539.694843,0
1531768539.724690,0
1531768539.743252,0
1531768539.759850,0
1531768539.776299,0
1531768539.792369,0
1531768539.808525,0
1531768539.826119,0
1531768539.842768,0
1531768539.859603,0
1531768539.875938,0
1531768539.892506,0
1531768539.908827,0
1531768539.925441,0
1531768539.943054,0
1531768539.960094,0
1531768539.976998,0
1531768539.993798,0
1531768540.010670,0
1531768540.040087,0
1531768540.057065,0
1531768540.075559,0
1531768540.094240,0
1531768540.111604,0
1531768540.128597,0
1531768540.146719,0
1531768540.163538,0
1531768540.180240,0
1531768540.197534,0
1531768540.214782,0
1531768540.231273,0
1531768540.249561,0
1531768540.266410,0
1531768540.286291,0
1531768540.304888,0
1531768540.323793,0
1531768540.342971,0
1531768540.360153,0
1531768540.376909,0
1531768540.393532,0
1531768540.410187,0
1531768540.426406,0
1531768540.442375,0
1531768540.459650,0
1531768540.476127,0
1531768540.493794,0
1531768540.509943,0
1531768540.526096,0
1531768540.542991,0
1531768540.559538,0
1531768540.575832,0
1531768540.592464,0
1531768540.608820,0
1531768540.625278,0
1531768540.644299,0
1531768540.662581,0
1531768540.679838,0
1531768540.696605,0
1531768540.713326,0
1531768540.730601,0
1531768540.747516,0
1531768540.765718,0
1531768540.786536,0
1531768540.803690,0
1531768540.820164,0
1531768540.838446,0
1531768540.854531,0
1531768540.873028,0
1531768540.890960,0
1531768540.916312,0
1531768540.935232,0
1531768540.954522,1
1531768540.974731,0
1531768540.994082,0
1531768541.013033,0
1531768541.031202,0
1531768541.049980,0
1531768541.068665,0
1531768541.087289,0
1531768541.105853,0
1531768541.123976,0
1531768541.141622,0
1531768541.161754,0
1531768541.184440,0
1531768541.206005,0
1531768541.226147,0
1531768541.249350,0
1531768541.271038,0
1531768541.289841,0
1531768541.310334,0
1531768541.331518,0
1531768541.352008,0
1531768541.370636,0
1531768541.389604,0
1531768541.408720,0
1531768541.427960,0
1531768541.447179,0
1531768541.464622,0
1531768541.483981,0
1531768541.502404,0
1531768541.520219,0
1531768541.537925,0
1531768541.555096,0
1531768541.572866,0
1531768541.590943,0
1531768541.608317,0
1531768541.626652,0
1531768541.643614,0
1531768541.661741,0
1531768541.679505,0
1531768541.696297,0
1531768541.712968,0
1531768541.729687,0
1531768541.746463,0
1531768541.763255,0
1531768541.780086,0
1531768541.796873,0
1531768541.814018,0
1531768541.834540,0
1531768541.852534,0
1531768541.871054,0
1531768541.889076,0
1531768541.908302,0
1531768541.926015,0
1531768541.944997,0
1531768541.965426,0
1531768541.984111,0
1531768542.004773,0
1531768542.021862,0
1531768542.039437,0
1531768542.056447,0
1531768542.073582,0
1531768542.093151,0
1531768542.111848,0
1531768542.129772,0
1531768542.146895,0
1531768542.165482,0
1531768542.183617,0
1531768542.201329,0
1531768542.218969,3
1531768542.237195,5
1531768542.255321,0
1531768542.273549,0
1531768542.291008,0
1531768542.307834,0
1531768542.325660,6
1531768542.343134,5
1531768542.360119,5
1531768542.376923,5
1531768542.394563,5
1531768542.411519,5
1531768542.428803,5
1531768542.445530,4
1531768542.462562,5
1531768542.481585,6
1531768542.500760,4
1531768542.518441,6
1531768542.536078,5
1531768542.553649,5
1531768542.571482,5
1531768542.589205,5
1531768542.625649,5
1531768542.663228,5
1531768542.698798,5
1531768542.724712,5
1531768542.749709,5
1531768542.775493,5
1531768542.802038,5
1531768542.828401,5
1531768542.856672,5
1531768542.882754,5
1531768542.910093,5
1531768542.937459,5
1531768542.965986,5
1531768542.993774,5
1531768543.020431,5
1531768543.046619,5
1531768543.072293,5
1531768543.099020,5
1531768543.125965,5
1531768543.151795,5
1531768543.178498,5
1531768543.203145,5
1531768543.229840,5
1531768543.255403,5
1531768543.281779,5
1531768543.307055,5
1531768543.331859,5
1531768543.357484,5
1531768543.383357,5
1531768543.410088,5
1531768543.436570,5
1531768543.463001,5
1531768543.489380,5
1531768543.514408,6
1531768543.541902,5
1531768543.569809,6
1531768543.597591,5
1531768543.625234,6
1531768543.652852,5
1531768543.680358,5
1531768543.706983,5
1531768543.734930,5
1531768543.762937,5
1531768543.789036,5
1531768543.816040,5
1531768543.843580,5
1531768543.871872,5
1531768543.902478,5
1531768543.937469,5
1531768543.957902,5
1531768543.978499,5
1531768544.006388,5
1531768544.026007,5
1531768544.048662,4
1531768544.072445,5
1531768544.091754,5
1531768544.115457,5
1531768544.136931,6
1531768544.156492,5
1531768544.175608,5
1531768544.194504,5
1531768544.211648,5
1531768544.232888,5
1531768544.251325,5
1531768544.271501,6
1531768544.288883,5
1531768544.306430,5
1531768544.323890,5
1531768544.341243,5
1531768544.358295,5
1531768544.375149,5
1531768544.392288,6
1531768544.409634,5
1531768544.427190,5
1531768544.446589,5
1531768544.465566,5
1531768544.482888,6
1531768544.501600,6
1531768544.519594,6
1531768544.536878,5
1531768544.554537,5
1531768544.571843,5
1531768544.589283,5
1531768544.607205,6
1531768544.625419,5
1531768544.643541,6
1531768544.661312,6
1531768544.678808,5
1531768544.717445,5
1531768544.754572,5
1531768544.788589,6
1531768544.807065,5
1531768544.826801,5
1531768544.845208,5
1531768544.865842,5
1531768544.883163,6
1531768544.903123,5
1531768544.920676,5
1531768544.940349,6
1531768544.960109,5
1531768544.977343,5
1531768544.994484,7
1531768545.011613,5
1531768545.028628,5
1531768545.046389,5
1531768545.065337,5
1531768545.089173,5
1531768545.107440,5
1531768545.124688,5
1531768545.145088,5
1531768545.164538,5
1531768545.186106,5
1531768545.207272,5
1531768545.225440,5
1531768545.245937,5
1531768545.265377,7
1531768545.282564,5
1531768545.302668,5
1531768545.323318,5
1531768545.343099,5
1531768545.362711,5
1531768545.381787,5
1531768545.399302,5
1531768545.416317,5
1531768545.433352,5
1531768545.450732,6
1531768545.468079,5
1531768545.485901,5
1531768545.503138,5
1531768545.520391,5
1531768545.537610,6
1531768545.554876,5
1531768545.572297,6
1531768545.591370,5
1531768545.611020,4
1531768545.631665,5
1531768545.652028,5
1531768545.669327,6
1531768545.686789,5
1531768545.704499,5
1531768545.722679,5
1531768545.740484,5
1531768545.758080,6
1531768545.776053,5
1531768545.794058,5
1531768545.811860,5
1531768545.828963,5
1531768545.846000,5
1531768545.863646,5
1531768545.882718,5
1531768545.901265,5
1531768545.920934,5
1531768545.939344,5
1531768545.956702,5
1531768545.975219,5
1531768545.995122,5
1531768546.014982,5
1531768546.035283,5
1531768546.057859,5
1531768546.078449,5
1531768546.100964,5
1531768546.120715,6
1531768546.138849,5
1531768546.158133,5
1531768546.180257,5
1531768546.203079,5
1531768546.224011,5
1531768546.242619,5
1531768546.262734,5
1531768546.283204,5
1531768546.302474,5
1531768546.320595,6
1531768546.340638,4
1531768546.359710,5
1531768546.378315,5
1531768546.398426,5
1531768546.415547,5
1531768546.432642,5
1531768546.449501,5
1531768546.466297,5
1531768546.483859,5
1531768546.500836,5
1531768546.517742,6
1531768546.534778,5
1531768546.551442,5
1531768546.568415,5
1531768546.585516,5
1531768546.602610,5
1531768546.643815,5
1531768546.664020,5
1531768546.682357,5
1531768546.701622,5
1531768546.720603,5
1531768546.739460,6
1531768546.758450,5
1531768546.777168,5
1531768546.795551,5
1531768546.814581,5
1531768546.833268,5
1531768546.851864,5
1531768546.870529,5
1531768546.890102,5
1531768546.908573,5
1531768546.927470,5
1531768546.945840,5
1531768546.964399,5
1531768546.982726,5
1531768547.002202,5
1531768547.020806,5
1531768547.039344,5
1531768547.057655,5
1531768547.076357,5
1531768547.095532,5
1531768547.112951,5
1531768547.130107,5
1531768547.147864,5
1531768547.165119,5
1531768547.182559,5
1531768547.199304,5
1531768547.216254,5
1531768547.233685,5
1531768547.250956,5
1531768547.268010,5
1531768547.284895,5
1531768547.302544,5
1531768547.319696,5
1531768547.336614,5
1531768547.353737,5
1531768547.371713,5
1531768547.388660,5
1531768547.406034,5
1531768547.423239,6
1531768547.440399,5
1531768547.457733,5
1531768547.475087,5
1531768547.492261,6
1531768547.509252,5
1531768547.526570,5
1531768547.543469,6
1531768547.560801,5
1531768547.578347,5
1531768547.595601,5
1531768547.613808,5
1531768547.635562,5
1531768547.652563,5
1531768547.670622,5
1531768547.688607,5
1531768547.705807,5
1531768547.723105,5
1531768547.740066,5
1531768547.758057,5
1531768547.775112,5
1531768547.792151,5
1531768547.809631,5
1531768547.826773,5
1531768547.844539,5
1531768547.861551,5
1531768547.878515,5
1531768547.895490,5
1531768547.912411,5
1531768547.929846,5
1531768547.946917,5
1531768547.964663,5
1531768547.982421,5
1531768547.999526,5
1531768548.017340,6
1531768548.034746,5
1531768548.052690,5
1531768548.070015,5
1531768548.087362,6
1531768548.104795,5
1531768548.122210,5
1531768548.140151,5
1531768548.157039,5
1531768548.192259,6
1531768548.212834,5
1531768548.231256,5
1531768548.249540,5
1531768548.268279,5
1531768548.286793,5
1531768548.306108,5
1531768548.325154,5
1531768548.345702,5
1531768548.363985,5
1531768548.382581,5
1531768548.401630,6
1531768548.420263,6
1531768548.439088,5
1531768548.457450,5
1531768548.476517,6
1531768548.494963,5
1531768548.514041,5
1531768548.532463,5
1531768548.551099,5
1531768548.569776,5
1531768548.586883,5
1531768548.604179,5
1531768548.621531,5
1531768548.638605,5
1531768548.655723,6
1531768548.672491,6
1531768548.689510,5
1531768548.706688,5
1531768548.723685,6
1531768548.740612,5
1531768548.757276,6
1531768548.774023,5
1531768548.790822,5
1531768548.807827,5
1531768548.824836,5
1531768548.841819,5
1531768548.858870,5
1531768548.876139,5
1531768548.893234,6
1531768548.910218,5
1531768548.927543,5
1531768548.944338,6
1531768548.961394,5
1531768548.978135,5
1531768548.994970,5
1531768549.012070,5
1531768549.028958,5
1531768549.045987,6
1531768549.062997,5
1531768549.080071,5
1531768549.097248,6
1531768549.113923,6
1531768549.130896,5
1531768549.147951,5
1531768549.164721,5
1531768549.181741,5
1531768549.198816,5
1531768549.215824,5
1531768549.232670,5
1531768549.249366,5
1531768549.267090,5
1531768549.283826,5
1531768549.300472,5
1531768549.317393,5
1531768549.333932,5
1531768549.351176,5
1531768549.368251,5
1531768549.385338,5
1531768549.402349,5
1531768549.419217,5
1531768549.436431,5
1531768549.453311,5
1531768549.470093,5
1531768549.486941,5
1531768549.503694,5
1531768549.537657,5
1531768549.562624,5
1531768549.583497,5
1531768549.602039,5
1531768549.620483,6
1531768549.639463,5
1531768549.658308,5
1531768549.678771,5
1531768549.699803,5
1531768549.716020,5
1531768549.732530,5
1531768549.749531,5
1531768549.765917,5
1531768549.783301,5
1531768549.799387,5
1531768549.815495,5
1531768549.834432,5
1531768549.851537,5
1531768549.869490,5
1531768549.887438,5
1531768549.903883,5
1531768549.922961,4
1531768549.942000,5
1531768549.959715,5
1531768549.977393,4
1531768549.994859,5
1531768550.011859,5
1531768550.027761,5
1531768550.043640,5
1531768550.059889,5
1531768550.076032,5
1531768550.092188,5
1531768550.109377,5
1531768550.127914,5
1531768550.146308,5
1531768550.165495,5
1531768550.183945,5
1531768550.201938,5
1531768550.219418,6
1531768550.236996,5
1531768550.254381,5
1531768550.273982,5
1531768550.291280,5
1531768550.308788,5
1531768550.327741,5
1531768550.345579,5
1531768550.363057,5
1531768550.380332,5
1531768550.400138,5
1531768550.418659,4
1531768550.436641,5
1531768550.453814,5
1531768550.471744,6
1531768550.489296,5
1531768550.507008,5
1531768550.527507,5
1531768550.546667,6
1531768550.564929,5
1531768550.582958,5
1531768550.600037,5
1531768550.619024,5
1531768550.636159,5
1531768550.653220,5
1531768550.670564,5
1531768550.688154,5
1531768550.705625,5
1531768550.722852,5
1531768550.740434,5
1531768550.757625,5
1531768550.775066,5
1531768550.816392,5
1531768550.840312,5
1531768550.862086,5
1531768550.883772,5
1531768550.905672,5
1531768550.927209,5
1531768550.946944,5
1531768550.966355,5
1531768550.985552,5
1531768551.004835,5
1531768551.023577,5
1531768551.042546,5
1531768551.062263,5
1531768551.081626,6
1531768551.100302,5
1531768551.119282,5
1531768551.138001,5
1531768551.156712,6
1531768551.175492,5
1531768551.210398,6
1531768551.236731,5
1531768551.255439,5
1531768551.274803,5
1531768551.293609,6
1531768551.313861,6
1531768551.333943,5
1531768551.354057,5
1531768551.372751,5
1531768551.392882,5
1531768551.412026,5
1531768551.430433,5
1531768551.447450,5
1531768551.464219,5
1531768551.481426,5
1531768551.498409,5
1531768551.515163,5
1531768551.531928,5
1531768551.549080,6
1531768551.566547,5
1531768551.583551,6
1531768551.600666,5
1531768551.617585,5
1531768551.634655,6
1531768551.651821,5
1531768551.669031,5
1531768551.686350,5
1531768551.703178,5
1531768551.720821,5
1531768551.739321,5
1531768551.757448,5
1531768551.774550,5
1531768551.791841,5
1531768551.810051,5
1531768551.829097,5
1531768551.848990,5
1531768551.868262,5
1531768551.886031,5
1531768551.903207,5
1531768551.920562,6
1531768551.937790,5
1531768551.972503,6
1531768551.993624,5
1531768552.013293,5
1531768552.032892,6
1531768552.052415,5
1531768552.071192,5
1531768552.089748,5
1531768552.109124,5
1531768552.129205,5
1531768552.148203,5
1531768552.167478,5
1531768552.186771,5
1531768552.205778,5
1531768552.224636,5
1531768552.244125,5
1531768552.263454,5
1531768552.283589,5
1531768552.302270,5
1531768552.321329,5
1531768552.340482,5
1531768552.360091,5
1531768552.379177,5
1531768552.397526,6
1531768552.416526,5
1531768552.435319,5
1531768552.454015,5
1531768552.472702,5
1531768552.509044,5
1531768552.535824,6
1531768552.561534,5
1531768552.583573,5
1531768552.602631,5
1531768552.621096,6
1531768552.640312,5
1531768552.658728,5
1531768552.678121,5
1531768552.697016,6
1531768552.716241,5
1531768552.735412,6
1531768552.754530,5
1531768552.773094,5
1531768552.792395,5
1531768552.811211,5
1531768552.830826,5
1531768552.850405,5
1531768552.867923,5
1531768552.885273,5
1531768552.903428,5
1531768552.920731,5
1531768552.937769,5
1531768552.954999,5
1531768552.972130,5
1531768552.989406,5
1531768553.006605,5
1531768553.023611,5
1531768553.042882,5
1531768553.062377,5
1531768553.080546,5
1531768553.098444,5
1531768553.116252,5
1531768553.134020,5
1531768553.152304,5
1531768553.169184,5
1531768553.186597,6
1531768553.203375,6
1531768553.220169,6
1531768553.237410,5
1531768553.254291,5
1531768553.271300,6
1531768553.288472,5
1531768553.306419,5
1531768553.323687,6
1531768553.340916,5
1531768553.358178,5
1531768553.375238,5
1531768553.392578,6
1531768553.410609,5
1531768553.428070,6
1531768553.445842,5
1531768553.463097,5
1531768553.480374,5
1531768553.497703,5
1531768553.514842,5
1531768553.531940,5
1531768553.549151,6
1531768553.568211,5
1531768553.585904,5
1531768553.602909,5
1531768553.621352,5
1531768553.639101,5
1531768553.657915,5
1531768553.675605,5
1531768553.693257,5
1531768553.721774,6
1531768553.739664,5
1531768553.756318,5
1531768553.773089,5
1531768553.789512,5
1531768553.806523,6
1531768553.823237,5
1531768553.839832,6
1531768553.856349,5
1531768553.873058,5
1531768553.889761,5
1531768553.906520,5
1531768553.923005,5
1531768553.939267,5
1531768553.955966,5
1531768553.988706,5
1531768554.008334,5
1531768554.026435,5
1531768554.043364,5
1531768554.060608,6
1531768554.077436,5
1531768554.094396,5
1531768554.111749,5
1531768554.129040,5
1531768554.146154,5
1531768554.163249,5
1531768554.194621,5
1531768554.215892,5
1531768554.240091,6
1531768554.260739,5
1531768554.281915,5
1531768554.302862,5
1531768554.324017,5
1531768554.344473,5
1531768554.363214,5
1531768554.381542,5
1531768554.400335,5
1531768554.419544,5
1531768554.438487,5
1531768554.456791,5
1531768554.476519,6
1531768554.495050,5
1531768554.513678,5
1531768554.533623,5
1531768554.552470,5
1531768554.572208,5
1531768554.589406,5
1531768554.606909,5
1531768554.625228,5
1531768554.642526,5
1531768554.659606,5
1531768554.676441,6
1531768554.693406,5
1531768554.710503,5
1531768554.727316,5
1531768554.744347,5
1531768554.761231,5
1531768554.778123,5
1531768554.795244,5
1531768554.812051,5
1531768554.829232,5
1531768554.846032,5
1531768554.863549,5
1531768554.880475,5
1531768554.897282,5
1531768554.914205,5
1531768554.931100,5
1531768554.948185,5
1531768554.965275,5
1531768554.981962,5
1531768554.999626,6
1531768555.016570,5
1531768555.033278,5
1531768555.067466,5
1531768555.086682,5
1531768555.109386,5
1531768555.131767,5
1531768555.155736,5
1531768555.176155,6
1531768555.196031,5
1531768555.215672,5
1531768555.235217,5
1531768555.254955,6
1531768555.276838,5
1531768555.297836,5
1531768555.316686,5
1531768555.335240,5
1531768555.353032,5
1531768555.371661,5
1531768555.390901,6
1531768555.407874,5
1531768555.425514,6
1531768555.458374,5
1531768555.474995,5
1531768555.491660,5
1531768555.508013,6
1531768555.524521,5
1531768555.540937,5
1531768555.557250,6
1531768555.573792,5
1531768555.590164,5
1531768555.606590,5
1531768555.623010,5
1531768555.639528,5
1531768555.656523,5
1531768555.673427,5
1531768555.689721,5
1531768555.705986,5
1531768555.722796,6
1531768555.739276,5
1531768555.755810,5
1531768555.772175,6
1531768555.788591,5
1531768555.805758,5
1531768555.822142,5
1531768555.838640,5
1531768555.855453,5
1531768555.871732,5
1531768555.888674,5
1531768555.905124,5
1531768555.921501,5
1531768555.938086,5
1531768555.954560,5
1531768555.970702,5
1531768556.007320,5
1531768556.027436,5
1531768556.045976,5
1531768556.066997,5
1531768556.086440,5
1531768556.106722,5
1531768556.124065,6
1531768556.141227,5
1531768556.158388,6
1531768556.175587,5
1531768556.193014,5
1531768556.210459,5
1531768556.227859,5
1531768556.244952,5
1531768556.262957,5
1531768556.280831,5
1531768556.298646,5
1531768556.316374,5
1531768556.334410,5
1531768556.352682,5
1531768556.370323,6
1531768556.387926,6
1531768556.405651,5
1531768556.422790,5
1531768556.440252,6
1531768556.457369,5
1531768556.474317,5
1531768556.491170,5
1531768556.508740,5
1531768556.526370,5
1531768556.543115,5
1531768556.560266,5
1531768556.577263,6
1531768556.594096,5
1531768556.611667,6
1531768556.629104,5
1531768556.647044,5
1531768556.664061,5
1531768556.681320,5
1531768556.698242,6
1531768556.715198,5
1531768556.732482,5
1531768556.749090,5
1531768556.765966,5
1531768556.801493,5
1531768556.820253,5
1531768556.840339,5
1531768556.859306,5
1531768556.878185,5
1531768556.896830,5
1531768556.915399,5
1531768556.934955,6
1531768556.953722,6
1531768556.972291,6
1531768556.990469,5
1531768557.009824,6
1531768557.028765,5
1531768557.048421,5
1531768557.067210,5
1531768557.086585,5
1531768557.103761,5
1531768557.121379,5
1531768557.139423,5
1531768557.156882,5
1531768557.174773,5
1531768557.191855,5
1531768557.210157,5
1531768557.227565,5
1531768557.245452,5
1531768557.263142,6
1531768557.280975,5
1531768557.298558,5
1531768557.315927,5
1531768557.333697,5
1531768557.351536,5
1531768557.369182,5
1531768557.386361,5
1531768557.403404,5
1531768557.420783,5
1531768557.438192,5
1531768557.455870,5
1531768557.485607,5
1531768557.502662,5
1531768557.520550,5
1531768557.539315,5
1531768557.557221,5
1531768557.574379,5
1531768557.591784,5
1531768557.608881,6
1531768557.626519,6
1531768557.644214,5
1531768557.675039,5
1531768557.692932,5
1531768557.710173,5
1531768557.727349,5
1531768557.745116,5
1531768557.762537,5
1531768557.780294,6
1531768557.797629,5
1531768557.815386,5
1531768557.833084,5
1531768557.850547,5
1531768557.867899,6
1531768557.884996,5
1531768557.902711,5
1531768557.919795,5
1531768557.937144,5
1531768557.955001,5
1531768557.972140,5
1531768557.989395,5
1531768558.006480,5
1531768558.023851,5
1531768558.041170,5
1531768558.058488,5
1531768558.092934,5
1531768558.111785,5
1531768558.130522,5
1531768558.148948,6
1531768558.167726,5
1531768558.185958,5
1531768558.205443,5
1531768558.223887,5
1531768558.242444,6
1531768558.261122,6
1531768558.280493,5
1531768558.298801,5
1531768558.317452,6
1531768558.335877,5
1531768558.355126,5
1531768558.373518,6
1531768558.392091,5
1531768558.410222,5
1531768558.428844,5
1531768558.447099,5
1531768558.466393,5
1531768558.485406,5
1531768558.504323,5
1531768558.523140,5
1531768558.540995,5
1531768558.556936,5
1531768558.572947,5
1531768558.589142,6
1531768558.605278,5
1531768558.621803,6
1531768558.638210,5
1531768558.655018,5
1531768558.671966,6
1531768558.689143,5
1531768558.705880,5
1531768558.722788,5
1531768558.739488,5
1531768558.756525,5
1531768558.773336,5
1531768558.789982,5
1531768558.806933,6
1531768558.823799,5
1531768558.841845,5
1531768558.859510,5
1531768558.876218,5
1531768558.893298,5
1531768558.910179,5
1531768558.927206,6
1531768558.961160,5
1531768558.983140,5
1531768559.001997,5
1531768559.020646,5
1531768559.039966,5
1531768559.058113,5
1531768559.086144,6
1531768559.103170,5
1531768559.119208,5
1531768559.135204,5
1531768559.151473,5
1531768559.167541,6
1531768559.183591,5
1531768559.199783,5
1531768559.215849,5
1531768559.232039,5
1531768559.248394,6
1531768559.264545,5
1531768559.281453,5
1531768559.297816,5
1531768559.313821,5
1531768559.330125,6
1531768559.346528,5
1531768559.363235,5
1531768559.380118,5
1531768559.396780,5
1531768559.413532,5
1531768559.430708,6
1531768559.447434,6
1531768559.465011,5
1531768559.482066,5
1531768559.499003,5
1531768559.516302,5
1531768559.533307,5
1531768559.550292,5
1531768559.567365,5
1531768559.584456,5
1531768559.601666,5
1531768559.618504,5
1531768559.635496,5
1531768559.652167,5
1531768559.668910,5
1531768559.703733,5
1531768559.724135,5
1531768559.741683,5
1531768559.763889,5
1531768559.781689,5
1531768559.798826,5
1531768559.816073,6
1531768559.833467,5
1531768559.850766,5
1531768559.867954,5
1531768559.902042,5
1531768559.920781,5
1531768559.937990,5
1531768559.954952,5
1531768559.972383,5
1531768559.989476,5
1531768560.007436,5
1531768560.039136,5
1531768560.057642,5
1531768560.075691,5
1531768560.092678,5
1531768560.110024,5
1531768560.127041,5
1531768560.161488,5
1531768560.184438,5
1531768560.202315,5
1531768560.219222,5
1531768560.235911,5
1531768560.252804,5
1531768560.269350,5
1531768560.286116,5
1531768560.302717,5
1531768560.319630,5
1531768560.336358,5
1531768560.353712,5
1531768560.370376,5
1531768560.387117,5
1531768560.403545,5
1531768560.420720,5
1531768560.437257,5
1531768560.453795,5
1531768560.470614,5
1531768560.487163,5
1531768560.503949,5
1531768560.520463,6
1531768560.536878,5
1531768560.572202,6
1531768560.593307,5
1531768560.612237,5
1531768560.631134,5
1531768560.650920,5
1531768560.667849,5
1531768560.705184,5
1531768560.722180,5
1531768560.739429,5
1531768560.756873,6
1531768560.774384,5
1531768560.791839,5
1531768560.808910,5
1531768560.844317,5
1531768560.865201,5
1531768560.883800,5
1531768560.900962,5
1531768560.918143,5
1531768560.936116,5
1531768560.953981,5
1531768560.971359,5
1531768560.988300,5
1531768561.006314,6
1531768561.023498,5
1531768561.041352,5
1531768561.058700,5
1531768561.076215,6
1531768561.093481,5
1531768561.110458,5
1531768561.127639,5
1531768561.144851,5
1531768561.178607,5
1531768561.197579,6
1531768561.215844,5
1531768561.234707,5
1531768561.253358,5
1531768561.272450,5
1531768561.290737,5
1531768561.309442,5
1531768561.327792,5
1531768561.347215,6
1531768561.365598,5
1531768561.384204,5
1531768561.403013,5
1531768561.422106,5
1531768561.440495,5
1531768561.459150,5
1531768561.477418,5
1531768561.496329,5
1531768561.514954,5
1531768561.533661,5
1531768561.553138,5
1531768561.572111,5
1531768561.590408,5
1531768561.609047,5
1531768561.627569,5
1531768561.646651,5
1531768561.665660,5
1531768561.684590,5
1531768561.703184,5
1531768561.721852,5
1531768561.740471,5
1531768561.759000,6
1531768561.777766,5
1531768561.796686,5
1531768561.815261,6
1531768561.850114,5
1531768561.867429,6
1531768561.884681,5
1531768561.902049,5
1531768561.918889,5
1531768561.936314,6
1531768561.953367,5
1531768561.970725,5
1531768561.987994,5
1531768562.005371,6
1531768562.039448,5
1531768562.060123,5
1531768562.078953,5
1531768562.097247,5
1531768562.126367,5
1531768562.145260,5
1531768562.163879,5
1531768562.182599,5
1531768562.201800,5
1531768562.220983,5
1531768562.240084,5
1531768562.258978,5
1531768562.277530,5
1531768562.296037,5
1531768562.314505,5
1531768562.332896,5
1531768562.351480,5
1531768562.371210,5
1531768562.389769,5
1531768562.409433,6
1531768562.429199,6
1531768562.447933,5
1531768562.467625,5
1531768562.486534,5
1531768562.505515,5
1531768562.524169,5
1531768562.543387,6
1531768562.560502,5
1531768562.577841,5
1531768562.595364,5
1531768562.612530,5
1531768562.629636,5
1531768562.646667,5
1531768562.664019,5
1531768562.681051,5
1531768562.698228,5
1531768562.715922,6
1531768562.733359,5
1531768562.751210,5
1531768562.768392,5
1531768562.785524,5
1531768562.802873,5
1531768562.820147,5
1531768562.837405,5
1531768562.854431,5
1531768562.871644,5
1531768562.889106,5
1531768562.906047,6
1531768562.923385,5
1531768562.940550,5
1531768562.957714,5
1531768562.975049,5
1531768562.991991,5
1531768563.009198,5
1531768563.026477,5
1531768563.043973,5
1531768563.061277,5
1531768563.078456,5
1531768563.095682,5
1531768563.112747,5
1531768563.130583,6
1531768563.147328,6
1531768563.164260,5
1531768563.181490,5
1531768563.198420,5
1531768563.215563,5
1531768563.232457,5
1531768563.263763,5
1531768563.282541,5
1531768563.301434,5
1531768563.320918,6
1531768563.339429,5
1531768563.358295,5
1531768563.377038,5
1531768563.396002,5
1531768563.415309,5
1531768563.434008,5
1531768563.452598,5
1531768563.471636,6
1531768563.490160,5
1531768563.508732,5
1531768563.537121,5
1531768563.556143,5
1531768563.575256,5
1531768563.594189,5
1531768563.613076,5
1531768563.631976,5
1531768563.651073,5
1531768563.669809,5
1531768563.688280,5
1531768563.707066,6
1531768563.725467,5
1531768563.744275,5
1531768563.762658,5
1531768563.781530,5
1531768563.799964,5
1531768563.818535,6
1531768563.837545,5
1531768563.857171,5
1531768563.875613,6
1531768563.894196,5
1531768563.912614,5
1531768563.931109,5
1531768563.949835,5
1531768563.968701,5
1531768563.987253,5
1531768564.005861,5
1531768564.024214,5
1531768564.042892,5
1531768564.061556,5
1531768564.080992,5
1531768564.099480,5
1531768564.136854,5
1531768564.155457,6
1531768564.174341,5
1531768564.192754,5
1531768564.211534,5
1531768564.229933,5
1531768564.261923,5
1531768564.285468,6
1531768564.302835,5
1531768564.320201,5
1531768564.337259,5
1531768564.354903,5
1531768564.372118,6
1531768564.389617,5
1531768564.406998,5
1531768564.424217,5
1531768564.441522,5
1531768564.458687,5
1531768564.476607,6
1531768564.493673,5
1531768564.527630,5
1531768564.545314,5
1531768564.562527,5
1531768564.579831,5
1531768564.597215,5
1531768564.615021,5
1531768564.632417,5
1531768564.650513,5
1531768564.667656,6
1531768564.684815,5
1531768564.702073,5
1531768564.719491,5
1531768564.737033,5
1531768564.754132,5
1531768564.771083,5
1531768564.789093,5
1531768564.806329,5
1531768564.823569,5
1531768564.841508,5
1531768564.858825,5
1531768564.876485,5
1531768564.893907,5
1531768564.911130,5
1531768564.928231,5
1531768564.945620,6
1531768564.962742,5
1531768564.979451,5
1531768564.996661,5
1531768565.013978,5
1531768565.031261,6
1531768565.048293,5
1531768565.065489,5
1531768565.082680,5
1531768565.099848,5
1531768565.117058,6
1531768565.134070,5
1531768565.151517,6
1531768565.168386,5
1531768565.185431,5
1531768565.202726,6
1531768565.219906,5
1531768565.237045,5
1531768565.254504,5
1531768565.271455,5
1531768565.288739,5
1531768565.305879,5
1531768565.323140,5
1531768565.340039,5
1531768565.357516,5
1531768565.374926,5
1531768565.392612,5
1531768565.409874,5
1531768565.427155,5
1531768565.444207,6
1531768565.461700,5
1531768565.478848,5
1531768565.496377,6
1531768565.513270,5
1531768565.530522,5
1531768565.547423,5
1531768565.565385,6
1531768565.582675,5
1531768565.599615,5
1531768565.617102,5
1531768565.634316,5
1531768565.651686,5
1531768565.668821,6
1531768565.686048,5
1531768565.703405,6
1531768565.720717,5
1531768565.738464,5
1531768565.755714,5
1531768565.772803,5
1531768565.789830,5
1531768565.807038,5
1531768565.824563,5
1531768565.842289,5
1531768565.859405,5
1531768565.876222,5
1531768565.893428,5
1531768565.910981,5
1531768565.928292,5
1531768565.946140,5
1531768565.963200,5
1531768565.980360,5
1531768565.997394,5
1531768566.014591,5
1531768566.031915,5
1531768566.048906,5
1531768566.066087,5
1531768566.082958,5
1531768566.100122,5
1531768566.117405,5
1531768566.134714,5
1531768566.152070,5
1531768566.169148,5
1531768566.186489,5
1531768566.203837,6
1531768566.220727,5
1531768566.237904,5
1531768566.255097,5
1531768566.272267,5
1531768566.289161,5
1531768566.305991,5
1531768566.323092,5
1531768566.340023,5
1531768566.357633,5
1531768566.374800,5
1531768566.391841,5
1531768566.409210,5
1531768566.425911,5
1531768566.443261,5
1531768566.460485,5
1531768566.477782,5
1531768566.495002,5
1531768566.512006,5
1531768566.529500,5
1531768566.546604,5
1531768566.564093,5
1531768566.581583,5
1531768566.615012,5
1531768566.633767,5
1531768566.650712,5
1531768566.668252,5
1531768566.685613,5
1531768566.702936,5
1531768566.720246,5
1531768566.737244,6
1531768566.754531,5
1531768566.771732,6
1531768566.789134,5
1531768566.806434,5
1531768566.823449,5
1531768566.841856,6
1531768566.858780,5
1531768566.875928,5
1531768566.893370,5
1531768566.910699,6
1531768566.928603,5
1531768566.945767,5
1531768566.963116,5
1531768566.980059,5
1531768566.997284,5
1531768567.014438,5
1531768567.031933,6
1531768567.049133,5
1531768567.066073,5
1531768567.083918,5
1531768567.101777,6
1531768567.118757,5
1531768567.136593,5
1531768567.153889,5
1531768567.190831,5
1531768567.209131,5
1531768567.225967,5
1531768567.243536,5
1531768567.260935,5
1531768567.277640,5
1531768567.294689,5
1531768567.311679,5
1531768567.329146,5
1531768567.346021,5
1531768567.364353,5
1531768567.381739,5
1531768567.399823,5
1531768567.416913,5
1531768567.434085,5
1531768567.451161,5
1531768567.467875,5
1531768567.484961,5
1531768567.501765,5
1531768567.518827,5
1531768567.535829,5
1531768567.552653,5
1531768567.569645,5
1531768567.586391,5
1531768567.603376,6
1531768567.620647,5
1531768567.637219,5
1531768567.669245,5
1531768567.690361,5
1531768567.708636,5
1531768567.727357,5
1531768567.746312,7
1531768567.765762,5
1531768567.784116,5
1531768567.802872,5
1531768567.821401,5
1531768567.840425,5
1531768567.858999,5
1531768567.876411,6
1531768567.893560,5
1531768567.911244,5
1531768567.928571,6
1531768567.945659,5
1531768567.963569,5
1531768567.981023,5
1531768567.998396,5
1531768568.015534,5
1531768568.032726,5
1531768568.050073,5
1531768568.067096,5
1531768568.084418,5
1531768568.101358,5
1531768568.118768,5
1531768568.136265,5
1531768568.153582,5
1531768568.187935,5
1531768568.208741,5
1531768568.228220,6
1531768568.246696,5
1531768568.265623,5
1531768568.284163,5
1531768568.303155,5
1531768568.324965,5
1531768568.341522,5
1531768568.358651,5
1531768568.375577,5
1531768568.406627,6
1531768568.424457,5
1531768568.441883,5
1531768568.460437,5
1531768568.477831,3
1531768568.495373,4
1531768568.512418,2
1531768568.529466,3
1531768568.546601,3
1531768568.563747,3
1531768568.580846,3
1531768568.597706,4
1531768568.615117,0
1531768568.632303,1
1531768568.649182,3
1531768568.666031,3
1531768568.682913,2
1531768568.699507,0
1531768568.716357,2
1531768568.733309,3
1531768568.750101,3
1531768568.766863,2
1531768568.783484,0
1531768568.800169,2
1531768568.817747,3
1531768568.834929,3
1531768568.851758,0
1531768568.884972,3
1531768568.903763,3
1531768568.921011,2
1531768568.943382,5
1531768568.960473,4
1531768568.977451,6
1531768568.994398,2
1531768569.011361,4
1531768569.028132,5
1531768569.044751,2
1531768569.061240,4
1531768569.078106,3
1531768569.094780,5
1531768569.112262,3
1531768569.129196,0
1531768569.146808,3
1531768569.163826,4
1531768569.180541,1
1531768569.198031,3
1531768569.215396,4
1531768569.232194,0
1531768569.249269,3
1531768569.266011,6
1531768569.282950,3
1531768569.299726,3
1531768569.336245,3
1531768569.362190,2
1531768569.380694,5
1531768569.399043,2
1531768569.417566,5
1531768569.435987,0
1531768569.454365,4
1531768569.472916,5
1531768569.491327,3
1531768569.509456,0
1531768569.527731,1
1531768569.546470,4
1531768569.579167,2
1531768569.599771,4
1531768569.618407,0
1531768569.636700,0
1531768569.655470,3
1531768569.674021,2
1531768569.692914,5
1531768569.711472,3
1531768569.730676,3
1531768569.750006,3
1531768569.768298,0
1531768569.786589,0
1531768569.805662,3
1531768569.824809,5
1531768569.845182,5
1531768569.863610,0
1531768569.882318,5
1531768569.901143,4
1531768569.920589,3
1531768569.938909,0
1531768569.957217,1
1531768569.976270,5
1531768569.994821,3
1531768570.013135,0
1531768570.031766,5
1531768570.064573,5
1531768570.082393,3
1531768570.098692,3
1531768570.115115,0
1531768570.131000,0
1531768570.147041,2
1531768570.163530,4
1531768570.179672,5
1531768570.195770,0
1531768570.211844,5
1531768570.228874,2
1531768570.244968,5
1531768570.261276,2
1531768570.277317,0
1531768570.294687,0
1531768570.312831,3
1531768570.330550,3
1531768570.349065,5
1531768570.367562,3
1531768570.385457,3
1531768570.403520,6
1531768570.421157,0
1531768570.438770,0
1531768570.456199,0
1531768570.474087,3
1531768570.492677,2
1531768570.510574,5
1531768570.529273,4
1531768570.547045,3
1531768570.564527,0
1531768570.582251,0
1531768570.600535,0
1531768570.618786,5
1531768570.637812,3
1531768570.655690,4
1531768570.673180,5
1531768570.691438,2
1531768570.709296,5
1531768570.728497,1
1531768570.746353,0
1531768570.762965,0
1531768570.780109,0
1531768570.797147,5
1531768570.813581,3
1531768570.830379,5
1531768570.846998,3
1531768570.863759,3
1531768570.880260,0
1531768570.896718,3
1531768570.913863,3
1531768570.930771,0
1531768570.946881,0
1531768570.963575,4
1531768570.982416,3
1531768570.998840,6
1531768571.015918,4
1531768571.033269,5
1531768571.049706,2
1531768571.065642,0
1531768571.082138,0
1531768571.098660,0
1531768571.117896,3
1531768571.134287,3
1531768571.151510,5
1531768571.167356,3
1531768571.182891,0
1531768571.198394,5
1531768571.213881,4
1531768571.229478,0
1531768571.245029,0
1531768571.260454,0
1531768571.277099,5
1531768571.294091,3
1531768571.314126,3
1531768571.333884,5
1531768571.353637,2
1531768571.372938,0
1531768571.389821,0
1531768571.406842,0
1531768571.423931,5
1531768571.440767,2
1531768571.457808,2
1531768571.477281,4
1531768571.495462,3
1531768571.511477,0
1531768571.529684,0
1531768571.545299,0
1531768571.561276,5
1531768571.578516,3
1531768571.595287,5
1531768571.612384,3
1531768571.629153,3
1531768571.645479,0
1531768571.661838,0
1531768571.678180,0
1531768571.694596,0
1531768571.711218,3
1531768571.728035,3
1531768571.744511,5
1531768571.761257,2
1531768571.777832,3
1531768571.794249,0
1531768571.810634,3
1531768571.827299,2
1531768571.845319,0
1531768571.862207,0
1531768571.878896,3
1531768571.895842,3
1531768571.930916,0
1531768571.954407,3
1531768571.981336,3
1531768572.003584,0
1531768572.022075,1
1531768572.039760,5
1531768572.057851,4
1531768572.075642,4
1531768572.094245,5
1531768572.111952,0
1531768572.129580,0
1531768572.147151,0
1531768572.164828,3
1531768572.182688,3
1531768572.200740,4
1531768572.219274,4
1531768572.236805,0
1531768572.255139,5
1531768572.272574,0
1531768572.290005,0
1531768572.307989,3
1531768572.325988,5
1531768572.343755,0
1531768572.362438,0
1531768572.379854,3
1531768572.397795,5
1531768572.415648,0
1531768572.433222,0
1531768572.451209,3
1531768572.468677,0
1531768572.486447,6
1531768572.504447,2
1531768572.522221,3
1531768572.540407,4
1531768572.558000,0
1531768572.576390,5
1531768572.594015,1
1531768572.622413,0
1531768572.640978,4
1531768572.659708,5
1531768572.678422,2
1531768572.696849,3
1531768572.730804,1
1531768572.755110,0
1531768572.776821,2
1531768572.797588,0
1531768572.818270,5
1531768572.839400,5
1531768572.860359,5
1531768572.879274,2
1531768572.897644,0
1531768572.915963,0
1531768572.934703,4
1531768572.953198,5
1531768572.972054,4
1531768572.990623,3
1531768573.009329,3
1531768573.027870,0
1531768573.046651,2
1531768573.064990,0
1531768573.083890,3
1531768573.102344,5
1531768573.121121,6
1531768573.154822,3
1531768573.175652,1
1531768573.193884,0
1531768573.212053,0
1531768573.230272,0
1531768573.267380,3
1531768573.287814,4
1531768573.304805,5
1531768573.322157,0
1531768573.339482,5
1531768573.356908,0
1531768573.373965,0
1531768573.390926,0
1531768573.407984,3
1531768573.425625,3
1531768573.443004,5
1531768573.460310,4
1531768573.478027,4
1531768573.495389,3
1531768573.512479,5
1531768573.546557,0
1531768573.571005,0
1531768573.596034,4
1531768573.619554,2
1531768573.638089,3
1531768573.656804,5
1531768573.675161,0
1531768573.693458,0
1531768573.711618,0
1531768573.729944,6
1531768573.748817,4
1531768573.767316,3
1531768573.786074,2
1531768573.804633,3
1531768573.823156,6
1531768573.842281,0
1531768573.860891,0
1531768573.879258,0
1531768573.898067,5
1531768573.916702,3
1531768573.935358,3
1531768573.964513,5
1531768573.988991,4
1531768574.007890,1
1531768574.026114,0
1531768574.060750,0
1531768574.094029,4
1531768574.115234,5
1531768574.136462,3
1531768574.158218,3
1531768574.189734,0
1531768574.210075,0
1531768574.228289,0
1531768574.246924,3
1531768574.265299,3
1531768574.284205,4
1531768574.302929,3
1531768574.321581,4
1531768574.339982,5
1531768574.359488,0
1531768574.377692,0
1531768574.395965,0
1531768574.414273,2
1531768574.446059,4
1531768574.464819,5
1531768574.481946,4
1531768574.499548,3
1531768574.517082,3
1531768574.549994,0
1531768574.570393,0
1531768574.591389,3
1531768574.612440,5
1531768574.633460,5
1531768574.652047,6
1531768574.670850,4
1531768574.689369,3
1531768574.722419,0
1531768574.742365,0
1531768574.761021,2
1531768574.779439,4
1531768574.798128,5
1531768574.816579,4
1531768574.835246,2
1531768574.853510,0
1531768574.871725,0
1531768574.889985,0
1531768574.908668,3
1531768574.927322,4
1531768574.946131,5
1531768574.965303,5
1531768574.984250,4
1531768575.002942,3
1531768575.021329,0
1531768575.039656,0
1531768575.058063,1
1531768575.077124,5
1531768575.096298,3
1531768575.127064,5
1531768575.144440,4
1531768575.162144,3
1531768575.179094,0
1531768575.195901,0
1531768575.213709,0
1531768575.233198,4
1531768575.252649,3
1531768575.272597,5
1531768575.292582,6
1531768575.312158,3
1531768575.331953,2
1531768575.351500,0
1531768575.370933,0
1531768575.390489,3
1531768575.410881,5
1531768575.430240,5
1531768575.450253,3
1531768575.469735,2
1531768575.489848,3
1531768575.509409,0
1531768575.528836,0
1531768575.548153,0
1531768575.567871,4
1531768575.597548,4
1531768575.616565,2
1531768575.635311,3
1531768575.653527,0
1531768575.671768,0
1531768575.689934,0
1531768575.708354,3
1531768575.726662,3
1531768575.745344,6
1531768575.764079,2
1531768575.783847,3
1531768575.817691,0
1531768575.838207,0
1531768575.856618,0
1531768575.875510,5
1531768575.906892,4
1531768575.936677,4
1531768575.957531,3
1531768575.978409,3
1531768575.998707,0
1531768576.019106,0
1531768576.050341,4
1531768576.070890,5
1531768576.089780,2
1531768576.108339,2
1531768576.127049,4
1531768576.145681,5
1531768576.175805,0
1531768576.195904,0
1531768576.214035,0
1531768576.232523,4
1531768576.250888,5
1531768576.269654,5
1531768576.288042,2
1531768576.306833,3
1531768576.325435,5
1531768576.343847,0
1531768576.361914,0
1531768576.380217,0
1531768576.399295,2
1531768576.417837,5
1531768576.436500,5
1531768576.455172,3
1531768576.473724,3
1531768576.492082,0
1531768576.510689,0
1531768576.528913,0
1531768576.547377,4
1531768576.566263,4
1531768576.585795,5
1531768576.604575,5
1531768576.622995,3
1531768576.642238,3
1531768576.660739,0
1531768576.679059,0
1531768576.697475,0
1531768576.715726,3
1531768576.734263,3
1531768576.752711,4
1531768576.771516,4
1531768576.790119,5
1531768576.808708,2
1531768576.827107,0
1531768576.846236,0
1531768576.864891,3
1531768576.884180,3
1531768576.902580,3
1531768576.921001,2
1531768576.939445,3
1531768576.971782,3
1531768576.989981,0
1531768577.008218,0
1531768577.026463,0
1531768577.045112,3
1531768577.063721,2
1531768577.082644,4
1531768577.112842,2
1531768577.136905,3
1531768577.155314,0
1531768577.173652,0
1531768577.192072,0
1531768577.210435,4
1531768577.229386,2
1531768577.247762,4
1531768577.266596,5
1531768577.285168,3
1531768577.303892,4
1531768577.335098,0
1531768577.366114,1
1531768577.385396,5
1531768577.402756,1
1531768577.420004,4
1531768577.437347,4
1531768577.454148,0
1531768577.471028,0
1531768577.488077,4
1531768577.521289,2
1531768577.544936,6
1531768577.563716,3
1531768577.581122,2
1531768577.598267,4
1531768577.615115,0
1531768577.632092,0
1531768577.648973,1
1531768577.665875,0
1531768577.683384,5
1531768577.700443,4
1531768577.717596,3
1531768577.734948,3
1531768577.752169,5
1531768577.784603,0
1531768577.804868,0
1531768577.823097,1
1531768577.843049,3
1531768577.862098,1
1531768577.895804,5
1531768577.915052,4
1531768577.931998,2
1531768577.948890,0
1531768577.965679,0
1531768577.982706,0
1531768578.000105,3
1531768578.017184,5
1531768578.034108,2
1531768578.051331,4
1531768578.068806,5
1531768578.086139,3
1531768578.103294,2
1531768578.120211,0
1531768578.137131,0
1531768578.154171,0
1531768578.172116,2
1531768578.190618,3
1531768578.208787,5
1531768578.227334,3
1531768578.245557,3
1531768578.263536,0
1531768578.294804,0
1531768578.315291,5
1531768578.334605,3
1531768578.353891,3
1531768578.373249,1
1531768578.391843,3
1531768578.410301,6
1531768578.428774,0
1531768578.461591,0
1531768578.481795,3
1531768578.503481,4
1531768578.524759,4
1531768578.545887,5
1531768578.564670,5
1531768578.583165,3
1531768578.601596,0
1531768578.619947,0
1531768578.638790,0
1531768578.657273,3
1531768578.676775,2
1531768578.695320,4
1531768578.714052,5
1531768578.732939,3
1531768578.751530,2
1531768578.769803,0
1531768578.787888,0
1531768578.806035,0
1531768578.824827,4
1531768578.844886,2
1531768578.863752,4
1531768578.882182,6
1531768578.900827,3
1531768578.919417,3
1531768578.937721,0
1531768578.955876,0
1531768578.974194,0
1531768578.993037,4
1531768579.011490,4
1531768579.045842,3
1531768579.064483,2
1531768579.082752,0
1531768579.100976,0
1531768579.119201,0
1531768579.138104,4
1531768579.156550,5
1531768579.175399,3
1531768579.194140,2
1531768579.212934,4
1531768579.231226,5
1531768579.266033,0
1531768579.290325,0
1531768579.310817,4
1531768579.332126,4
1531768579.366260,3
1531768579.384995,3
1531768579.402168,4
1531768579.419449,0
1531768579.436453,0
1531768579.453471,0
1531768579.470461,0
1531768579.487336,3
1531768579.504790,3
1531768579.522501,4
1531768579.540120,2
1531768579.557464,4
1531768579.574580,5
1531768579.592209,0
1531768579.609227,0
1531768579.626128,0
1531768579.643167,2
1531768579.660226,4
1531768579.677679,3
1531768579.694883,2
1531768579.712085,4
1531768579.729478,0
1531768579.746426,0
1531768579.763499,4
1531768579.780399,0
1531768579.797385,5
1531768579.815266,3
1531768579.833702,3
1531768579.852103,3
1531768579.870504,6
1531768579.888375,0
1531768579.906351,0
1531768579.924305,0
1531768579.942257,4
1531768579.960522,2
1531768579.978566,4
1531768579.997023,3
1531768580.015342,5
1531768580.033392,4
1531768580.051657,2
1531768580.069683,0
1531768580.087475,0
1531768580.105289,0
1531768580.123051,4
1531768580.141118,6
1531768580.159534,4
1531768580.177796,2
1531768580.196109,3
1531768580.214252,5
1531768580.232478,0
1531768580.250289,0
1531768580.268006,0
1531768580.285737,1
1531768580.304081,2
1531768580.322505,3
1531768580.340861,5
1531768580.359458,5
1531768580.377714,3
1531768580.395985,4
1531768580.413844,0
1531768580.431680,0
1531768580.449400,0
1531768580.467886,2
1531768580.485809,3
1531768580.521616,5
1531768580.545376,0
1531768580.562345,0
1531768580.579473,3
1531768580.596351,0
1531768580.614116,4
1531768580.631345,5
1531768580.648543,3
1531768580.666586,3
1531768580.683709,4
1531768580.700747,1
1531768580.717630,0
1531768580.735560,0
1531768580.753419,0
1531768580.771622,3
1531768580.789906,3
1531768580.807793,3
1531768580.826529,5
1531768580.845400,5
1531768580.863427,1
1531768580.896640,0
1531768580.917199,2
1531768580.938246,5
1531768580.959063,5
1531768580.980028,4
1531768581.001368,2
1531768581.022719,3
1531768581.043243,0
1531768581.063712,0
1531768581.084282,3
1531768581.105274,5
1531768581.126472,5
1531768581.145480,2
1531768581.163989,2
1531768581.183454,4
1531768581.201910,0
1531768581.220287,0
1531768581.238580,0
1531768581.257618,3
1531768581.276342,4
1531768581.294850,4
1531768581.313834,3
1531768581.332262,3
1531768581.350503,0
1531768581.368638,0
1531768581.386905,0
1531768581.405522,4
1531768581.423802,5
1531768581.442471,3
1531768581.461148,2
1531768581.479938,4
1531768581.498493,5
1531768581.517079,0
1531768581.535208,0
1531768581.553425,0
1531768581.572144,5
1531768581.591088,4
1531768581.609968,4
1531768581.629003,2
1531768581.657952,4
1531768581.676528,3
1531768581.693568,0
1531768581.710354,0
1531768581.727389,0
1531768581.744190,3
1531768581.761435,3
1531768581.778745,4
1531768581.796223,5
1531768581.813885,4
1531768581.831085,4
1531768581.848232,0
1531768581.865095,0
1531768581.882063,0
1531768581.899159,5
1531768581.916525,2
1531768581.933567,2
1531768581.950999,3
1531768581.968204,5
1531768581.985563,4
1531768582.002550,3
1531768582.037434,0
1531768582.066845,4
1531768582.083959,5
1531768582.101110,5
1531768582.118222,3
1531768582.135346,4
1531768582.152178,0
1531768582.169106,2
1531768582.186141,0
1531768582.203221,0
1531768582.221390,5
1531768582.240130,5
1531768582.259187,2
1531768582.277257,3
1531768582.295510,5
1531768582.313700,0
1531768582.331535,0
1531768582.349886,0
1531768582.367994,6
1531768582.397510,3
1531768582.416769,5
1531768582.433880,2
1531768582.451031,3
1531768582.468266,0
1531768582.485218,0
1531768582.502247,2
1531768582.519481,5
1531768582.537571,1
1531768582.554637,2
1531768582.586250,3
1531768582.604910,3
1531768582.621929,0
1531768582.639134,0
1531768582.656053,0
1531768582.673113,3
1531768582.690594,5
1531768582.707624,6
1531768582.725140,3
1531768582.742158,2
1531768582.759195,6
1531768582.776285,3
1531768582.793092,0
1531768582.810037,0
1531768582.826766,0
1531768582.844830,4
1531768582.861970,3
1531768582.879210,6
1531768582.896389,3
1531768582.913336,3
1531768582.930190,0
1531768582.947156,2
1531768582.964250,0
1531768582.981114,6
1531768582.998244,2
1531768583.015689,3
1531768583.032874,2
1531768583.050511,5
1531768583.067648,2
1531768583.084918,2
1531768583.101796,0
1531768583.118629,0
1531768583.135449,0
1531768583.152621,4
1531768583.169827,3
1531768583.187001,4
1531768583.204077,5
1531768583.221280,3
1531768583.239034,4
1531768583.256014,0
1531768583.272948,0
1531768583.289832,0
1531768583.309258,4
1531768583.329282,4
1531768583.359823,5
1531768583.376836,4
1531768583.393788,2
1531768583.410505,0
1531768583.427108,0
1531768583.443640,0
1531768583.460495,5
1531768583.477734,2
1531768583.494597,3
1531768583.511593,6
1531768583.528890,3
1531768583.545658,3
1531768583.562663,5
1531768583.579780,0
1531768583.596337,0
1531768583.612969,0
1531768583.629493,0
1531768583.646077,3
1531768583.662895,5
1531768583.680189,5
1531768583.697147,3
1531768583.714110,2
1531768583.730978,0
1531768583.762794,0
1531768583.783801,4
1531768583.804659,5
1531768583.825818,5
1531768583.856742,4
1531768583.875378,6
1531768583.892414,0
1531768583.909504,0
1531768583.926341,0
1531768583.943366,3
1531768583.960472,6
1531768583.996370,3
1531768584.022191,2
1531768584.040918,5
1531768584.057993,0
1531768584.074884,0
1531768584.091836,0
1531768584.109042,3
1531768584.126393,5
1531768584.143667,4
1531768584.160943,2
1531768584.178397,3
1531768584.212684,2
1531768584.233151,0
1531768584.253511,0
1531768584.274037,4
1531768584.294921,5
1531768584.313848,5
1531768584.331607,3
1531768584.348711,2
1531768584.365876,5
1531768584.383114,0
1531768584.413060,0
1531768584.431517,0
1531768584.447855,3
1531768584.464111,5
1531768584.483930,5
1531768584.499680,3
1531768584.515941,3
1531768584.534049,0
1531768584.551810,0
1531768584.567675,0
1531768584.583614,2
1531768584.620149,3
1531768584.644278,3
1531768584.662997,3
1531768584.681521,3
1531768584.699733,0
1531768584.717875,0
1531768584.736057,0
1531768584.754508,4
1531768584.772977,4
1531768584.791517,2
1531768584.810289,3
1531768584.828806,4
1531768584.848185,5
1531768584.867023,0
1531768584.885320,0
1531768584.903477,0
1531768584.921951,2
1531768584.941114,2
1531768584.959626,3
1531768584.979081,4
1531768584.997800,4
1531768585.027746,3
1531768585.046001,0
1531768585.064257,0
1531768585.082540,0
1531768585.101005,4
1531768585.136742,2
1531768585.159767,2
1531768585.177263,3
1531768585.194481,5
1531768585.211830,3
1531768585.228893,0
1531768585.245824,0
1531768585.262746,0
1531768585.279936,2
1531768585.296922,2
1531768585.314116,4
1531768585.332027,3
1531768585.349152,3
1531768585.366881,3
1531768585.383851,0
1531768585.400714,0
1531768585.418518,0
1531768585.436427,3
1531768585.454487,4
1531768585.473194,3
1531768585.491332,3
1531768585.509759,3
1531768585.527752,5
1531768585.545780,0
1531768585.563735,0
1531768585.581569,0
1531768585.599457,3
1531768585.617636,3
1531768585.635853,3
1531768585.653841,3
1531768585.672102,4
1531768585.690097,5
1531768585.708221,2
1531768585.726116,0
1531768585.744031,0
1531768585.761869,0
1531768585.780212,3
1531768585.798517,2
1531768585.816590,3
1531768585.834893,4
1531768585.852915,5
1531768585.871672,2
1531768585.888334,0
1531768585.905043,0
1531768585.935624,3
1531768585.956734,5
1531768585.977823,5
1531768585.999060,5
1531768586.020362,5
1531768586.042050,0
1531768586.062699,0
1531768586.083174,0
1531768586.104301,2
1531768586.125021,5
1531768586.146005,5
1531768586.166781,5
1531768586.187575,0
1531768586.208131,1
1531768586.228454,0
1531768586.249476,5
1531768586.270401,5
1531768586.291607,5
1531768586.312878,5
1531768586.334175,3
1531768586.354411,2
1531768586.371434,0
1531768586.388506,0
1531768586.405477,1
1531768586.422660,5
1531768586.440516,2
1531768586.457686,3
1531768586.475533,4
1531768586.492626,6
1531768586.527438,0
1531768586.547929,0
1531768586.564872,0
1531768586.582025,3
1531768586.599253,2
1531768586.616485,6
1531768586.633653,4
1531768586.651240,3
1531768586.668206,4
1531768586.685126,0
1531768586.701941,0
1531768586.718629,0
1531768586.735586,5
1531768586.772389,2
1531768586.796226,4
1531768586.813539,3
1531768586.830745,4
1531768586.847961,0
1531768586.864829,0
1531768586.881823,0
1531768586.898818,0
1531768586.915797,3
1531768586.933638,5
1531768586.951266,5
1531768586.983825,4
1531768587.005256,0
1531768587.025942,0
1531768587.046582,0
1531768587.068451,3
1531768587.089409,3
1531768587.110237,2
1531768587.131321,4
1531768587.152378,4
1531768587.172715,0
1531768587.193173,0
1531768587.213871,4
1531768587.234975,5
1531768587.256571,6
1531768587.277147,4
1531768587.298314,3
1531768587.319500,2
1531768587.340084,0
1531768587.361205,0
1531768587.382750,3
1531768587.404192,4
1531768587.424950,5
1531768587.445426,5
1531768587.467020,5
1531768587.487741,2
1531768587.508115,0
1531768587.528525,0
1531768587.549315,3
1531768587.570063,4
1531768587.598097,4
1531768587.615506,4
1531768587.632755,0
1531768587.649876,1
1531768587.666926,0
1531768587.684029,1
1531768587.701481,3
1531768587.719355,3
1531768587.736451,5
1531768587.753694,4
1531768587.770812,3
1531768587.787758,5
1531768587.804722,0
1531768587.821680,0
1531768587.838602,0
1531768587.855473,2
1531768587.885870,5
1531768587.904532,4
1531768587.921550,2
1531768587.939434,3
1531768587.956470,0
1531768587.973618,0
1531768587.990373,0
1531768588.009905,3
1531768588.046956,5
1531768588.068910,5
1531768588.094700,6
1531768588.115538,1
1531768588.135980,0
1531768588.156236,0
1531768588.176961,4
1531768588.197521,2
1531768588.218423,4
1531768588.240623,3
1531768588.262194,4
1531768588.283500,4
1531768588.303988,0
1531768588.324278,0
1531768588.344571,0
1531768588.365416,4
1531768588.384346,3
1531768588.403197,4
1531768588.421522,5
1531768588.440048,2
1531768588.458487,0
1531768588.476829,0
1531768588.495427,2
1531768588.513892,2
1531768588.533047,3
1531768588.551765,3
1531768588.579277,3
1531768588.596564,4
1531768588.613253,0
1531768588.629391,0
1531768588.645582,0
1531768588.662681,1
1531768588.679805,3
1531768588.697699,4
1531768588.714874,3
1531768588.731924,1
1531768588.749316,4
1531768588.766303,5
1531768588.783664,1
1531768588.800700,0
1531768588.817661,0
1531768588.834639,0
1531768588.851734,3
1531768588.868808,4
1531768588.886625,4
1531768588.903557,5
1531768588.920933,3
1531768588.938323,4
1531768588.955444,0
1531768588.972449,0
1531768588.989410,0
1531768589.006347,3
1531768589.023731,5
1531768589.040844,4
1531768589.058359,3
1531768589.076190,3
1531768589.093420,5
1531768589.110782,1
1531768589.127860,0
1531768589.144897,0
1531768589.161856,0
1531768589.179900,3
1531768589.198398,3
1531768589.216617,5
1531768589.235579,5
1531768589.253938,3
1531768589.272266,3
1531768589.290232,0
1531768589.308160,0
1531768589.325979,0
1531768589.344812,3
1531768589.363501,3
1531768589.393443,3
1531768589.411466,3
1531768589.427585,0
1531768589.443734,1
1531768589.459842,0
1531768589.476340,0
1531768589.492594,3
1531768589.509152,5
1531768589.525618,5
1531768589.542008,1
1531768589.558340,4
1531768589.574692,4
1531768589.591360,2
1531768589.607596,0
1531768589.623800,0
1531768589.641781,0
1531768589.660023,4
1531768589.678136,2
1531768589.696450,3
1531768589.714898,2
1531768589.733227,5
1531768589.751241,1
1531768589.769252,0
1531768589.787261,0
1531768589.805292,3
1531768589.823778,5
1531768589.842962,5
1531768589.861198,3
1531768589.879468,3
1531768589.910644,1
1531768589.930843,0
1531768589.951109,0
1531768589.972004,3
1531768589.992493,5
1531768590.013553,5
1531768590.034878,5
1531768590.056041,4
1531768590.076644,2
1531768590.097065,0
1531768590.117415,0
1531768590.137875,3
1531768590.161855,3
1531768590.183004,3
1531768590.203829,4
1531768590.225041,5
1531768590.245059,0
1531768590.264842,0
1531768590.284617,0
1531768590.305134,4
1531768590.325422,3
1531768590.356963,3
1531768590.378465,4
1531768590.397467,4
1531768590.415647,0
1531768590.433991,0
1531768590.452137,0
1531768590.470928,3
1531768590.490036,1
1531768590.508576,3
1531768590.527366,5
1531768590.546269,5
1531768590.565126,3
1531768590.583403,2
1531768590.601619,0
1531768590.619783,0
1531768590.638222,0
1531768590.657010,3
1531768590.676073,3
1531768590.695422,3
1531768590.714014,5
1531768590.732594,4
1531768590.751193,3
1531768590.769540,0
1531768590.787792,0
1531768590.806073,0
1531768590.824660,4
1531768590.844016,3
1531768590.862248,4
1531768590.881582,4
1531768590.900045,0
1531768590.918601,0
1531768590.937042,0
1531768590.955367,3
1531768590.974238,2
1531768590.992879,3
1531768591.012264,2
1531768591.030796,3
1531768591.049905,5
1531768591.068602,0
1531768591.086927,0
1531768591.105254,0
1531768591.124465,3
1531768591.143240,3
1531768591.162026,4
1531768591.180815,6
1531768591.199486,3
1531768591.217920,3
1531768591.236314,0
1531768591.254774,0
1531768591.273328,0
1531768591.291944,3
1531768591.310755,2
1531768591.329212,3
1531768591.347797,4
1531768591.365951,5
1531768591.384378,2
1531768591.402923,0
1531768591.421112,0
1531768591.439254,1
1531768591.458088,4
1531768591.476495,2
1531768591.495122,4
1531768591.514427,3
1531768591.533420,5
1531768591.552231,0
1531768591.570478,0
1531768591.588929,0
1531768591.607572,4
1531768591.626161,4
1531768591.644840,3
1531768591.673834,5
1531768591.691095,2
1531768591.708384,3
1531768591.725443,0
1531768591.742295,0
1531768591.759265,0
1531768591.776309,6
1531768591.793724,5
1531768591.811029,2
1531768591.828930,4
1531768591.846556,5
1531768591.863465,1
1531768591.880490,0
1531768591.897576,0
1531768591.914628,0
1531768591.931758,3
1531768591.950861,3
1531768591.968812,6
1531768591.987962,5
1531768592.005848,3
1531768592.024015,2
1531768592.041910,0
1531768592.059776,0
1531768592.077673,0
1531768592.096301,5
1531768592.114313,5
1531768592.132893,4
1531768592.150831,2
1531768592.168974,4
1531768592.187498,4
1531768592.205383,0
1531768592.223246,0
1531768592.241213,0
1531768592.259139,3
1531768592.277590,2
1531768592.295613,2
1531768592.313954,4
1531768592.333066,5
1531768592.352045,2
1531768592.370119,3
1531768592.388052,0
1531768592.405867,0
1531768592.423680,0
1531768592.442612,4
1531768592.461110,5
1531768592.479651,4
1531768592.497861,3
1531768592.516032,3
1531768592.533865,0
1531768592.551640,0
1531768592.569480,0
1531768592.587658,4
1531768592.605821,5
1531768592.624793,5
1531768592.643298,3
1531768592.676029,6
1531768592.694570,0
1531768592.712879,0
1531768592.731204,0
1531768592.749371,3
1531768592.768296,2
1531768592.786786,4
1531768592.805630,3
1531768592.824380,5
1531768592.844081,1
1531768592.863062,2
1531768592.881351,0
1531768592.899523,0
1531768592.917792,0
1531768592.936834,2
1531768592.955236,3
1531768592.974354,4
1531768592.992740,5
1531768593.011418,5
1531768593.029752,3
1531768593.048047,0
1531768593.066335,0
1531768593.084483,0
1531768593.102899,3
1531768593.121605,3
1531768593.140231,4
1531768593.158722,5
1531768593.177594,3
1531768593.196260,3
1531768593.214561,0
1531768593.232733,0
1531768593.251149,0
1531768593.269583,4
1531768593.288257,2
1531768593.307096,4
1531768593.325854,5
1531768593.344988,4
1531768593.363448,3
1531768593.381732,0
1531768593.399969,0
1531768593.418387,0
1531768593.436948,4
1531768593.455670,3
1531768593.474567,5
1531768593.493153,5
1531768593.511845,1
1531768593.530284,0
1531768593.548710,0
1531768593.566990,2
1531768593.586116,3
1531768593.605096,4
1531768593.624631,2
1531768593.643719,5
1531768593.662705,3
1531768593.681406,2
1531768593.699641,0
1531768593.718001,0
1531768593.736431,0
1531768593.754875,3
1531768593.773522,3
1531768593.791848,5
1531768593.810393,5
1531768593.829029,3
1531768593.848546,3
1531768593.866950,0
1531768593.885193,0
1531768593.903508,0
1531768593.923998,5
1531768593.945083,4
1531768593.965395,5
1531768593.986485,5
1531768594.007056,2
1531768594.026944,2
1531768594.046614,0
1531768594.066145,0
1531768594.085930,0
1531768594.106344,3
1531768594.126452,3
1531768594.147181,3
1531768594.167805,3
1531768594.187792,0
1531768594.207638,0
1531768594.227391,0
1531768594.247788,3
1531768594.268036,3
1531768594.288348,3
1531768594.309628,4
1531768594.327864,3
1531768594.346211,2
1531768594.364104,0
1531768594.381891,0
1531768594.399746,0
1531768594.417989,2
1531768594.436020,2
1531768594.454193,5
1531768594.472634,5
1531768594.491022,3
1531768594.509020,3
1531768594.526881,0
1531768594.545210,0
1531768594.563194,0
1531768594.581263,4
1531768594.599360,2
1531768594.617771,3
1531768594.635977,5
1531768594.655291,5
1531768594.686189,0
1531768594.704437,0
1531768594.722731,0
1531768594.741753,3
1531768594.760187,3
1531768594.779179,5
1531768594.798043,3
1531768594.817161,3
1531768594.835706,3
1531768594.853832,0
1531768594.872010,0
1531768594.890269,0
1531768594.908950,3
1531768594.927367,2
1531768594.946152,3
1531768594.964971,6
1531768594.983697,5
1531768595.002159,4
1531768595.020433,0
1531768595.038704,0
1531768595.056881,0
1531768595.075903,3
1531768595.094819,4
1531768595.113209,5
1531768595.132024,3
1531768595.150434,3
1531768595.168566,0
1531768595.186794,0
1531768595.205033,0
1531768595.223542,3
1531768595.242820,2
1531768595.261254,4
1531768595.281321,3
1531768595.299929,6
1531768595.318658,0
1531768595.336954,0
1531768595.356143,0
1531768595.374785,3
1531768595.393874,4
1531768595.412297,5
1531768595.431111,3
1531768595.449909,1
1531768595.468811,4
1531768595.487265,0
1531768595.505526,0
1531768595.523931,0
1531768595.542764,3
1531768595.561912,3
1531768595.580648,5
1531768595.598887,5
1531768595.617687,4
1531768595.635997,3
1531768595.654414,0
1531768595.672720,0
1531768595.691016,0
1531768595.709531,3
1531768595.728913,3
1531768595.748273,3
1531768595.767036,5
1531768595.785597,4
1531768595.804273,3
1531768595.822787,0
1531768595.841768,0
1531768595.860435,0
1531768595.878818,3
1531768595.898299,3
1531768595.917292,4
1531768595.935940,5
1531768595.954574,0
1531768595.972869,0
1531768595.991183,0
1531768596.009408,3
1531768596.028575,3
1531768596.062527,4
1531768596.084320,5
1531768596.103116,4
1531768596.122486,1
1531768596.140768,0
1531768596.158822,0
1531768596.177205,0
1531768596.195722,3
1531768596.214528,4
1531768596.232966,5
1531768596.251887,5
1531768596.270410,3
1531768596.289197,4
1531768596.307592,0
1531768596.325915,0
1531768596.344102,0
1531768596.363167,3
1531768596.382128,5
1531768596.400941,5
1531768596.419966,2
1531768596.438903,3
1531768596.457872,3
1531768596.489570,0
1531768596.510267,0
1531768596.528963,3
1531768596.548064,6
1531768596.567032,5
1531768596.585722,2
1531768596.604263,2
1531768596.622973,3
1531768596.641667,0
1531768596.659891,0
1531768596.678135,0
1531768596.696780,4
1531768596.715373,5
1531768596.734288,4
1531768596.766324,6
1531768596.784654,0
1531768596.801623,0
1531768596.818422,0
1531768596.835523,4
1531768596.852680,2
1531768596.870048,2
1531768596.887313,5
1531768596.904314,5
1531768596.921598,3
1531768596.938943,4
1531768596.955878,0
1531768596.972780,0
1531768597.006042,1
1531768597.029760,3
1531768597.048725,3
1531768597.067616,2
1531768597.086494,4
1531768597.105103,5
1531768597.123501,0
1531768597.141779,0
1531768597.159961,0
1531768597.178119,2
1531768597.197040,2
1531768597.232795,5
1531768597.251478,5
1531768597.269752,3
1531768597.288845,3
1531768597.307293,0
1531768597.325636,0
1531768597.343860,0
1531768597.362672,4
1531768597.381270,4
1531768597.409791,5
1531768597.427247,5
1531768597.443542,3
1531768597.459780,0
1531768597.475810,0
1531768597.491995,0
1531768597.508186,3
1531768597.524867,2
1531768597.541242,4
1531768597.557773,2
1531768597.574132,3
1531768597.590605,5
1531768597.606769,3
1531768597.623256,3
1531768597.639821,0
1531768597.656032,0
1531768597.672266,0
1531768597.691580,4
1531768597.711896,2
1531768597.732329,3
1531768597.752193,2
1531768597.772155,3
1531768597.791744,5
1531768597.826766,0
1531768597.847680,0
1531768597.864825,5
1531768597.882243,2
1531768597.899604,3
1531768597.916936,3
1531768597.934203,6
1531768597.951334,2
1531768597.968928,3
1531768597.986210,0
1531768598.003133,0
1531768598.019958,0
1531768598.037337,3
1531768598.054865,3
1531768598.072001,4
1531768598.089421,5
1531768598.106416,2
1531768598.123395,0
1531768598.140686,2
1531768598.174110,0
1531768598.197613,4
1531768598.216361,3
1531768598.234801,2
1531768598.253455,6
1531768598.271857,0
1531768598.290102,0
1531768598.308710,1
1531768598.327038,4
1531768598.345780,3
1531768598.364343,4
1531768598.383066,5
1531768598.401826,4
1531768598.420509,2
1531768598.438655,0
1531768598.456784,0
1531768598.475072,4
1531768598.493879,5
1531768598.513261,5
1531768598.532056,3
1531768598.551980,2
1531768598.570669,4
1531768598.588882,0
1531768598.608152,6
1531768598.627078,5
1531768598.646246,5
1531768598.665089,5
1531768598.683876,5
1531768598.702170,6
1531768598.720946,6
1531768598.739477,5
1531768598.758485,6
1531768598.777437,5
1531768598.796761,6
1531768598.815840,5
1531768598.834468,5
1531768598.852929,6
1531768598.871845,5
1531768598.890602,5
1531768598.909429,5
1531768598.928072,5
1531768598.946920,5
1531768598.965595,5
1531768598.984217,5
1531768599.002648,6
1531768599.021780,5
1531768599.040898,5
1531768599.059994,5
1531768599.078640,6
1531768599.096996,5
1531768599.116392,5
1531768599.134839,5
1531768599.154444,6
1531768599.172814,5
1531768599.191826,5
1531768599.210785,5
1531768599.229878,5
1531768599.248709,5
1531768599.267535,5
1531768599.286354,5
1531768599.305209,6
1531768599.323941,6
1531768599.343389,5
1531768599.362071,5
1531768599.380839,5
1531768599.399917,5
1531768599.419279,5
1531768599.437677,5
1531768599.456260,5
1531768599.474580,5
1531768599.493415,6
1531768599.512496,5
1531768599.531061,5
1531768599.550164,5
1531768599.568777,5
1531768599.587084,5
1531768599.605901,5
1531768599.641966,5
1531768599.660731,5
1531768599.677789,5
1531768599.695057,5
1531768599.711962,5
1531768599.729233,5
1531768599.746553,6
1531768599.780327,5
1531768599.800889,6
1531768599.819827,5
1531768599.838065,5
1531768599.857303,5
1531768599.875566,5
1531768599.894669,5
1531768599.913248,6
1531768599.931840,6
1531768599.950631,6
1531768599.969312,6
1531768599.988187,5
1531768600.007833,6
1531768600.026280,5
1531768600.044812,5
1531768600.063118,5
1531768600.082829,5
1531768600.101569,5
1531768600.120257,5
1531768600.138633,5
1531768600.157938,5
1531768600.176426,5
1531768600.195086,6
1531768600.213622,5
1531768600.232384,5
1531768600.250918,5
1531768600.269664,5
1531768600.288105,5
1531768600.316310,5
1531768600.341114,6
1531768600.359517,6
1531768600.377156,6
1531768600.395157,5
1531768600.412327,5
1531768600.446853,5
1531768600.468067,5
1531768600.489082,5
1531768600.510306,5
1531768600.531322,5
1531768600.553497,5
1531768600.583606,5
1531768600.601898,5
1531768600.620954,5
1531768600.640388,5
1531768600.658995,5
1531768600.678007,5
1531768600.696719,5
1531768600.716127,5
1531768600.734401,5
1531768600.752984,5
1531768600.771845,5
1531768600.790388,5
1531768600.809415,5
1531768600.839452,5
1531768600.860833,5
1531768600.879671,5
1531768600.897477,5
1531768600.914457,5
1531768600.931912,5
1531768600.949165,5
1531768600.983303,5
1531768601.003987,5
1531768601.022678,5
1531768601.041043,5
1531768601.060176,6
1531768601.079044,6
1531768601.098154,5
1531768601.116861,5
1531768601.135682,5
1531768601.154022,5
1531768601.173424,5
1531768601.192239,6
1531768601.211147,5
1531768601.229966,5
1531768601.248979,5
1531768601.267298,5
1531768601.286138,5
1531768601.304668,5
1531768601.323343,5
1531768601.341687,5
1531768601.361213,5
1531768601.379949,5
1531768601.398942,5
1531768601.417315,5
1531768601.450830,5
1531768601.469271,5
1531768601.488329,5
1531768601.507020,5
1531768601.525915,5
1531768601.544263,5
1531768601.563063,5
1531768601.581771,5
1531768601.600256,5
1531768601.618952,5
1531768601.637742,5
1531768601.656300,5
1531768601.675072,6
1531768601.693620,5
1531768601.712445,6
1531768601.730993,5
1531768601.749899,6
1531768601.784118,5
1531768601.803087,5
1531768601.820558,5
1531768601.837847,5
1531768601.854884,5
1531768601.872388,5
1531768601.890084,5
1531768601.907252,5
1531768601.941736,5
1531768601.960776,5
1531768601.979583,5
1531768601.998296,6
1531768602.016919,6
1531768602.035724,5
1531768602.068686,6
1531768602.087223,5
1531768602.105955,5
1531768602.124172,5
1531768602.142692,5
1531768602.161219,5
1531768602.179720,5
1531768602.198384,5
1531768602.216886,6
1531768602.235874,5
1531768602.268055,5
1531768602.286411,5
1531768602.304755,5
1531768602.336717,5
1531768602.356204,5
1531768602.373579,6
1531768602.390828,5
1531768602.408598,5
1531768602.426406,5
1531768602.462150,5
1531768602.482273,5
1531768602.501037,5
1531768602.519491,6
1531768602.538458,5
1531768602.556969,5
1531768602.576710,6
1531768602.594955,5
1531768602.613333,5
1531768602.631850,5
1531768602.664045,5
1531768602.684958,5
1531768602.703721,6
1531768602.722937,5
1531768602.741645,5
1531768602.759822,6
1531768602.779074,5
1531768602.798086,5
1531768602.817058,6
1531768602.835780,5
1531768602.866523,6
1531768602.885163,5
1531768602.902274,5
1531768602.919475,6
1531768602.936724,5
1531768602.954684,5
1531768602.972209,5
1531768602.989497,5
1531768603.007039,6
1531768603.024161,5
1531768603.041408,5
1531768603.058610,5
1531768603.076617,5
1531768603.094483,5
1531768603.112049,5
1531768603.148172,5
1531768603.168835,5
1531768603.187487,6
1531768603.206031,5
1531768603.224703,5
1531768603.243452,5
1531768603.262070,5
1531768603.281207,6
1531768603.299855,6
1531768603.330476,5
1531768603.351533,5
1531768603.368399,5
1531768603.386536,5
1531768603.404238,6
1531768603.421213,5
1531768603.438473,5
1531768603.455592,5
1531768603.487859,5
1531768603.505338,5
1531768603.521640,5
1531768603.538102,6
1531768603.554181,5
1531768603.570333,5
1531768603.605474,5
1531768603.623885,5
1531768603.642916,5
1531768603.661952,5
1531768603.680901,5
1531768603.699375,5
1531768603.718631,5
1531768603.737646,5
1531768603.756420,5
1531768603.774861,5
1531768603.794227,5
1531768603.812689,5
1531768603.831528,5
1531768603.849889,5
1531768603.868668,5
1531768603.886826,5
1531768603.905426,5
1531768603.923644,5
1531768603.942921,5
1531768603.962110,5
1531768603.981885,5
1531768604.000868,5
1531768604.019770,5
1531768604.039257,5
1531768604.057851,5
1531768604.076923,5
1531768604.095656,5
1531768604.114243,5
1531768604.132932,5
1531768604.151797,5
1531768604.170814,5
1531768604.189363,5
1531768604.207823,5
1531768604.226337,5
1531768604.244955,5
1531768604.264471,6
1531768604.282899,5
1531768604.301705,5
1531768604.320652,6
1531768604.339398,6
1531768604.358479,5
1531768604.377085,5
1531768604.395565,6
1531768604.414469,5
1531768604.432966,6
1531768604.451736,6
1531768604.470361,6
1531768604.489054,6
1531768604.507517,5
1531768604.526073,5
1531768604.544786,5
1531768604.563570,5
1531768604.582196,5
1531768604.602069,5
1531768604.621357,5
1531768604.641022,5
1531768604.659892,5
1531768604.679033,5
1531768604.697714,5
1531768604.717072,5
1531768604.735670,6
1531768604.754249,5
1531768604.773311,5
1531768604.791928,5
1531768604.810440,5
1531768604.829086,6
1531768604.848445,5
1531768604.867457,6
1531768604.886298,5
1531768604.905063,5
1531768604.924318,5
1531768604.943384,6
1531768604.962266,5
1531768604.980846,5
1531768604.999343,5
1531768605.018380,5
1531768605.036998,6
1531768605.055999,5
1531768605.074894,5
1531768605.093551,5
1531768605.112843,6
1531768605.131385,5
1531768605.150047,5
1531768605.169373,5
1531768605.188177,5
1531768605.207202,5
1531768605.225863,5
1531768605.244525,5
1531768605.263388,5
1531768605.281824,5
1531768605.300703,5
1531768605.319900,6
1531768605.339540,6
1531768605.357179,5
1531768605.374451,5
1531768605.391502,5
1531768605.409079,5
1531768605.426394,5
1531768605.443483,5
1531768605.460687,5
1531768605.477928,5
1531768605.495271,5
1531768605.512673,5
1531768605.529935,5
1531768605.547192,5
1531768605.564595,5
1531768605.581890,5
1531768605.599055,5
1531768605.616378,6
1531768605.633912,5
1531768605.650797,5
1531768605.668597,5
1531768605.686174,5
1531768605.703382,5
1531768605.720448,5
1531768605.737634,5
1531768605.754899,5
1531768605.771852,6
1531768605.789253,5
1531768605.806440,5
1531768605.824434,5
1531768605.842544,5
1531768605.859796,5
1531768605.877431,6
1531768605.895044,5
1531768605.912891,5
1531768605.930113,5
1531768605.947285,6
1531768605.964514,5
1531768605.981366,5
1531768605.999011,5
1531768606.016478,5
1531768606.033741,5
1531768606.050809,6
1531768606.068032,5
1531768606.085378,5
1531768606.102933,5
1531768606.120233,5
1531768606.137193,5
1531768606.154284,6
1531768606.171628,5
1531768606.188629,6
1531768606.205855,5
1531768606.222968,5
1531768606.239974,5
1531768606.257097,5
1531768606.274170,5
1531768606.291824,5
1531768606.309166,5
1531768606.326222,5
1531768606.343506,6
1531768606.360542,5
1531768606.377881,6
1531768606.395470,5
1531768606.412747,5
1531768606.446830,5
1531768606.466867,5
1531768606.496092,5
1531768606.515275,5
1531768606.532238,5
1531768606.550694,5
1531768606.567939,5
1531768606.585039,5
1531768606.602506,6
1531768606.634985,5
1531768606.653678,5
1531768606.670004,5
1531768606.686557,5
1531768606.702910,5
1531768606.719299,5
1531768606.735965,5
1531768606.752730,5
1531768606.769255,5
1531768606.785874,6
1531768606.802865,5
1531768606.836336,5
1531768606.853919,6
1531768606.870670,5
1531768606.901649,5
1531768606.920455,5
1531768606.937554,6
1531768606.969455,5
1531768606.990918,5
1531768607.011713,6
1531768607.032474,5
1531768607.051275,5
1531768607.069692,5
1531768607.088323,5
1531768607.106810,5
1531768607.126484,5
1531768607.145273,5
1531768607.164306,6
1531768607.184075,5
1531768607.203042,5
1531768607.221738,5
1531768607.240088,5
1531768607.258786,5
1531768607.277772,5
1531768607.307819,5
1531768607.325312,5
1531768607.342735,6
1531768607.359722,5
1531768607.377035,6
1531768607.393959,5
1531768607.411159,5
1531768607.428104,5
1531768607.445079,5
1531768607.462533,5
1531768607.479514,6
1531768607.496948,5
1531768607.514155,5
1531768607.531317,5
1531768607.548631,6
1531768607.565831,5
1531768607.583872,5
1531768607.601019,5
1531768607.618166,5
1531768607.635602,5
1531768607.652531,5
1531768607.670290,5
1531768607.687341,5
1531768607.719836,5
1531768607.738742,6
1531768607.756068,5
1531768607.788963,5
1531768607.809655,6
1531768607.828576,5
1531768607.848787,5
1531768607.867816,6
1531768607.886509,6
1531768607.905293,6
1531768607.924115,6
1531768607.942691,6
1531768607.971346,5
1531768607.991156,6
1531768608.010200,5
1531768608.028965,5
1531768608.047941,5
1531768608.067489,5
1531768608.085778,5
1531768608.113025,5
1531768608.130292,5
1531768608.147258,5
1531768608.178489,6
1531768608.199497,5
1531768608.218410,5
1531768608.237081,5
1531768608.266401,5
1531768608.284858,5
1531768608.302340,6
1531768608.319343,5
1531768608.336027,5
1531768608.352945,5
1531768608.369492,5
1531768608.386357,5
1531768608.402453,5
1531768608.418763,5
1531768608.435127,5
1531768608.468998,5
1531768608.488521,5
1531768608.505883,5
1531768608.523114,6
1531768608.540539,5
1531768608.557325,5
1531768608.574706,5
1531768608.591485,5
1531768608.608724,6
1531768608.626073,5
1531768608.657009,5
1531768608.674310,5
1531768608.692306,5
1531768608.709514,5
1531768608.726634,5
1531768608.743793,5
1531768608.761951,5
1531768608.779231,6
1531768608.796403,5
1531768608.814058,5
1531768608.851511,5
1531768608.870443,5
1531768608.889132,5
1531768608.908085,5
1531768608.933431,5
1531768608.954666,5
1531768608.975574,5
1531768608.996751,5
1531768609.019134,5
1531768609.037713,5
1531768609.056346,5
1531768609.074978,6
1531768609.093909,5
1531768609.112353,6
1531768609.131989,5
1531768609.150905,5
1531768609.169618,5
1531768609.187907,5
1531768609.206675,5
1531768609.225331,5
1531768609.243744,5
1531768609.262312,5
1531768609.280828,5
1531768609.299535,6
1531768609.319249,5
1531768609.337889,5
1531768609.357123,5
1531768609.375569,5
1531768609.394484,5
1531768609.413924,5
1531768609.433116,5
1531768609.455399,5
1531768609.476630,5
1531768609.497691,5
1531768609.518631,5
1531768609.539738,5
1531768609.560699,6
1531768609.589841,5
1531768609.610838,5
1531768609.632205,5
1531768609.649497,5
1531768609.665857,5
1531768609.682244,5
1531768609.698247,5
1531768609.714664,5
1531768609.731350,5
1531768609.747523,5
1531768609.764374,5
1531768609.780515,5
1531768609.796567,5
1531768609.813477,5
1531768609.829584,6
1531768609.846196,5
1531768609.862718,5
1531768609.879275,5
1531768609.895506,6
1531768609.930985,5
1531768609.952831,5
1531768609.972185,5
1531768609.991372,5
1531768610.009914,6
1531768610.028543,5
1531768610.047391,6
1531768610.071919,5
1531768610.092854,5
1531768610.111497,6
1531768610.130549,5
1531768610.149225,5
1531768610.167566,6
1531768610.195838,5
1531768610.214696,5
1531768610.233547,6
1531768610.252438,6
1531768610.271360,5
1531768610.290048,5
1531768610.309075,5
1531768610.327905,5
1531768610.346712,5
1531768610.365379,5
1531768610.384477,6
1531768610.403197,6
1531768610.421930,5
1531768610.440621,6
1531768610.470671,5
1531768610.489278,5
1531768610.507713,5
1531768610.526200,5
1531768610.544701,5
1531768610.562994,5
1531768610.581621,5
1531768610.600097,5
1531768610.619891,5
1531768610.639208,5
1531768610.667456,6
1531768610.684583,5
1531768610.700815,5
1531768610.731000,5
1531768610.749148,5
1531768610.765206,5
1531768610.781302,6
1531768610.797665,5
1531768610.814096,5
1531768610.830470,5
1531768610.846809,5
1531768610.876807,5
1531768610.895343,5
1531768610.912472,6
1531768610.929504,5
1531768610.946729,5
1531768610.964110,5
1531768610.981224,5
1531768610.998661,5
1531768611.015670,5
1531768611.033158,5
1531768611.050338,6
1531768611.067806,5
1531768611.085556,5
1531768611.102689,5
1531768611.119829,5
1531768611.136757,5
1531768611.154003,5
1531768611.171459,5
1531768611.188601,5
1531768611.206071,6
1531768611.223518,5
1531768611.240614,6
1531768611.257601,5
1531768611.274753,5
1531768611.291959,5
1531768611.308925,5
1531768611.341953,5
1531768611.360543,6
1531768611.377784,5
1531768611.394867,5
1531768611.428418,5
1531768611.447110,5
1531768611.464572,6
1531768611.497267,5
1531768611.514531,5
1531768611.542166,5
1531768611.561539,5
1531768611.580024,5
1531768611.598635,6
1531768611.617160,5
1531768611.635542,5
1531768611.654164,5
1531768611.673005,5
1531768611.691629,5
1531768611.710041,5
1531768611.728531,5
1531768611.747120,5
1531768611.765902,5
1531768611.784450,5
1531768611.803445,6
1531768611.822088,5
1531768611.841222,5
1531768611.860216,5
1531768611.878650,5
1531768611.897208,5
1531768611.915932,5
1531768611.934654,5
1531768611.952949,5
1531768611.971608,5
1531768611.990072,5
1531768612.008821,5
1531768612.027525,5
1531768612.046207,5
1531768612.064738,5
1531768612.095671,6
1531768612.114612,5
1531768612.133208,5
1531768612.165403,6
1531768612.183774,5
1531768612.201059,5
1531768612.217994,5
1531768612.235222,5
1531768612.252497,5
1531768612.269773,5
1531768612.286970,5
1531768612.304142,5
1531768612.321309,5
1531768612.338364,6
1531768612.357055,5
1531768612.374567,5
1531768612.391662,5
1531768612.409039,5
1531768612.426167,5
1531768612.443843,5
1531768612.461834,5
1531768612.479450,5
1531768612.497585,5
1531768612.514545,5
1531768612.532369,5
1531768612.549978,5
1531768612.566905,5
1531768612.584880,6
1531768612.601874,5
1531768612.619111,5
1531768612.636853,5
1531768612.654158,5
1531768612.672018,5
1531768612.688978,5
1531768612.706315,5
1531768612.723889,5
1531768612.759381,5
1531768612.783114,6
1531768612.800357,5
1531768612.817623,5
1531768612.846702,5
1531768612.863454,5
1531768612.888821,5
1531768612.909943,5
1531768612.930185,5
1531768612.947474,6
1531768612.964566,5
1531768612.981638,5
1531768612.998838,5
1531768613.016055,5
1531768613.047790,5
1531768613.068067,5
1531768613.100415,6
1531768613.119041,5
1531768613.136934,5
1531768613.154346,6
1531768613.171326,5
1531768613.189043,5
1531768613.206113,5
1531768613.223459,5
1531768613.240478,5
1531768613.257838,5
1531768613.275141,5
1531768613.292248,6
1531768613.309586,5
1531768613.326538,5
1531768613.343790,5
1531768613.360953,5
1531768613.377907,5
1531768613.395083,5
1531768613.412253,5
1531768613.444789,5
1531768613.463935,6
1531768613.481011,5
1531768613.499367,5
1531768613.516364,5
1531768613.533694,6
1531768613.550894,5
1531768613.568382,6
1531768613.586255,5
1531768613.603522,5
1531768613.620733,5
1531768613.638262,5
1531768613.655952,5
1531768613.673255,5
1531768613.690544,5
1531768613.707717,5
1531768613.724771,5
1531768613.742326,5
1531768613.759273,5
1531768613.776428,5
1531768613.794217,5
1531768613.811289,5
1531768613.828601,5
1531768613.847096,5
1531768613.864990,5
1531768613.882061,5
1531768613.918015,5
1531768613.938308,5
1531768613.956022,5
1531768613.973162,6
1531768613.991168,5
1531768614.008548,5
1531768614.025689,5
1531768614.042912,5
1531768614.059999,5
1531768614.077345,5
1531768614.094807,5
1531768614.111785,5
1531768614.128950,5
1531768614.146071,5
1531768614.179438,5
1531768614.200360,5
1531768614.217565,6
1531768614.234542,5
1531768614.251651,5
1531768614.268843,5
1531768614.286217,5
1531768614.303921,5
1531768614.320988,6
1531768614.338065,5
1531768614.356246,5
1531768614.389059,5
1531768614.409872,6
1531768614.428424,6
1531768614.457585,5
1531768614.476426,5
1531768614.506999,5
1531768614.525905,5
1531768614.544876,5
1531768614.563309,5
1531768614.581789,5
1531768614.600848,6
1531768614.637957,5
1531768614.663749,5
1531768614.689806,5
1531768614.726824,5
1531768614.762912,5
1531768614.784683,5
1531768614.805666,5
1531768614.826701,5
1531768614.848300,6
1531768614.869322,5
1531768614.890547,5
1531768614.912371,5
1531768614.933774,5
1531768614.952728,6
1531768614.989629,5
1531768615.014402,5
1531768615.035551,6
1531768615.056662,5
1531768615.077913,5
1531768615.099245,5
1531768615.131469,5
1531768615.150843,5
1531768615.169388,6
1531768615.188217,6
1531768615.206993,5
1531768615.226287,5
1531768615.244897,5
1531768615.263471,5
1531768615.282176,5
1531768615.301222,5
1531768615.319826,5
1531768615.338665,5
1531768615.358356,5
1531768615.392147,5
1531768615.410980,5
1531768615.429412,5
1531768615.448225,6
1531768615.467105,5
1531768615.486527,5
1531768615.517085,5
1531768615.542419,5
1531768615.560686,5
1531768615.578045,5
1531768615.595056,5
1531768615.612247,5
1531768615.629474,6
1531768615.646281,5
1531768615.663520,5
1531768615.680611,5
1531768615.698356,5
1531768615.715748,5
1531768615.732771,5
1531768615.750023,5
1531768615.767140,5
1531768615.784270,5
1531768615.801352,5
1531768615.818426,5
1531768615.835507,5
1531768615.852596,5
1531768615.869685,5
1531768615.887364,5
1531768615.904386,6
1531768615.921737,5
1531768615.938914,6
1531768615.956361,5
1531768615.973401,6
1531768616.006108,5
1531768616.024944,5
1531768616.042338,6
1531768616.060591,5
1531768616.077758,6
1531768616.095111,5
1531768616.112385,6
1531768616.129473,5
1531768616.146738,5
1531768616.164178,5
1531768616.181356,5
1531768616.199726,5
1531768616.216663,5
1531768616.250057,5
1531768616.268588,5
1531768616.284527,5
1531768616.300454,6
1531768616.316578,5
1531768616.332440,5
1531768616.349107,5
1531768616.366629,5
1531768616.382809,5
1531768616.398774,5
1531768616.414710,6
1531768616.430546,5
1531768616.467491,5
1531768616.504577,5
1531768616.541131,5
1531768616.579848,5
1531768616.606247,5
1531768616.633223,5
1531768616.659223,5
1531768616.683941,5
1531768616.708682,5
1531768616.734681,5
1531768616.761815,5
1531768616.788191,5
1531768616.813325,6
1531768616.838186,5
1531768616.864875,5
1531768616.886046,5
1531768616.907511,5
1531768616.929542,5
1531768616.950801,5
1531768616.972721,6
1531768617.009610,5
1531768617.030038,5
1531768617.048498,5
1531768617.067279,6
1531768617.085877,6
1531768617.104958,5
1531768617.123730,5
1531768617.142418,5
1531768617.161020,5
1531768617.197191,5
1531768617.224830,5
1531768617.243371,5
1531768617.262736,5
1531768617.281308,5
1531768617.300085,5
1531768617.337111,5
1531768617.363428,5
1531768617.385757,5
1531768617.406881,5
1531768617.427906,6
1531768617.462042,5
1531768617.489996,5
1531768617.516223,5
1531768617.538449,5
1531768617.559404,5
1531768617.580079,5
1531768617.613686,5
1531768617.641309,5
1531768617.665909,5
1531768617.690626,5
1531768617.715400,5
1531768617.740331,5
1531768617.765012,5
1531768617.789922,5
1531768617.815357,5
1531768617.842232,5
1531768617.867871,5
1531768617.894632,5
1531768617.920169,5
1531768617.945354,5
1531768617.966255,5
1531768617.984695,5
1531768618.003437,5
1531768618.021798,5
1531768618.041029,5
1531768618.059870,5
1531768618.078424,5
1531768618.097054,5
1531768618.115687,5
1531768618.133964,5
1531768618.153321,5
1531768618.171907,5
1531768618.191273,5
1531768618.221938,5
1531768618.240493,5
1531768618.269771,5
1531768618.288510,5
1531768618.306865,5
1531768618.325873,5
1531768618.344749,5
1531768618.363203,5
1531768618.381942,5
1531768618.400899,5
1531768618.419701,5
1531768618.437936,5
1531768618.456645,5
1531768618.475306,5
1531768618.493915,6
1531768618.512551,5
1531768618.531974,5
1531768618.551128,5
1531768618.570178,5
1531768618.588488,6
1531768618.607715,5
1531768618.626174,5
1531768618.646905,4
1531768618.665656,5
1531768618.683025,6
1531768618.700171,5
1531768618.717467,6
1531768618.734576,5
1531768618.751900,5
1531768618.769377,5
1531768618.786578,5
1531768618.804126,5
1531768618.821109,5
1531768618.839038,5
1531768618.856239,5
1531768618.873388,5
1531768618.891055,5
1531768618.908118,5
1531768618.925529,5
1531768618.942592,5
1531768618.959580,5
1531768618.976934,5
1531768619.009365,5
1531768619.028440,5
1531768619.047238,5
1531768619.076843,5
1531768619.096561,5
1531768619.114037,5
1531768619.139502,6
1531768619.161760,5
1531768619.184095,5
1531768619.207558,5
1531768619.230208,6
1531768619.253762,5
1531768619.276316,5
1531768619.299215,5
1531768619.319795,6
1531768619.348382,6
1531768619.365191,5
1531768619.381914,5
1531768619.398180,5
1531768619.414617,5
1531768619.431393,5
1531768619.447653,5
1531768619.464715,5
1531768619.481163,5
1531768619.497519,5
1531768619.514047,5
1531768619.530288,6
1531768619.547154,6
1531768619.563776,5
1531768619.580502,5
1531768619.597116,5
1531768619.613743,5
1531768619.630242,5
1531768619.646529,5
1531768619.662826,5
1531768619.679592,5
1531768619.695922,6
1531768619.712166,5
1531768619.728462,5
1531768619.762954,5
1531768619.783570,5
1531768619.801433,6
1531768619.818809,5
1531768619.836224,5
1531768619.853380,5
1531768619.870891,5
1531768619.888228,5
1531768619.905686,5
1531768619.922905,5
1531768619.940132,5
1531768619.957131,5
1531768619.974417,5
1531768619.991673,5
1531768620.008798,5
1531768620.025991,5
1531768620.043613,5
1531768620.061174,5
1531768620.078374,5
1531768620.095869,5
1531768620.112898,5
1531768620.130199,5
1531768620.147349,6
1531768620.164549,5
1531768620.182119,5
1531768620.200070,5
1531768620.217550,5
1531768620.234662,5
1531768620.251864,5
1531768620.269075,5
1531768620.286251,6
1531768620.303446,5
1531768620.320673,6
1531768620.338096,5
1531768620.356023,5
1531768620.373558,5
1531768620.390502,5
1531768620.407578,5
1531768620.425080,6
1531768620.442154,5
1531768620.459405,5
1531768620.476691,5
1531768620.511329,5
1531768620.529039,5
1531768620.545244,6
1531768620.561509,5
1531768620.577526,5
1531768620.593665,5
1531768620.610290,6
1531768620.626492,5
1531768620.644332,5
1531768620.660651,5
1531768620.677078,5
1531768620.711012,5
1531768620.731785,5
1531768620.749060,5
1531768620.766549,5
1531768620.783345,5
1531768620.800461,5
1531768620.817641,5
1531768620.834867,5
1531768620.852053,5
1531768620.869828,5
1531768620.887140,5
1531768620.919740,5
1531768620.940678,6
1531768620.959108,5
1531768620.978589,5
1531768620.997623,5
1531768621.016274,5
1531768621.035867,5
1531768621.054823,5
1531768621.074301,5
1531768621.092992,5
1531768621.112655,5
1531768621.131765,6
1531768621.150451,5
1531768621.168749,5
1531768621.187285,5
1531768621.205650,5
1531768621.224892,5
1531768621.243194,5
1531768621.261682,6
1531768621.293929,5
1531768621.314845,5
1531768621.333710,5
1531768621.352985,5
1531768621.371860,5
1531768621.390512,5
1531768621.409066,5
1531768621.427794,5
1531768621.456447,5
1531768621.480831,5
1531768621.506983,5
1531768621.526809,6
1531768621.544776,5
1531768621.563493,5
1531768621.581362,5
1531768621.599035,5
1531768621.617546,5
1531768621.635767,5
1531768621.653809,5
1531768621.671648,5
1531768621.705780,5
1531768621.724395,5
1531768621.743206,5
1531768621.761859,5
1531768621.780707,5
1531768621.798866,5
1531768621.817668,5
1531768621.836148,5
1531768621.855126,5
1531768621.873480,5
1531768621.892372,6
1531768621.910965,6
1531768621.929925,5
1531768621.948361,5
1531768621.981207,5
1531768621.999279,5
1531768622.015552,5
1531768622.031889,5
1531768622.047947,5
1531768622.064143,5
1531768622.080544,5
1531768622.096944,5
1531768622.133597,5
1531768622.153848,5
1531768622.171156,5
1531768622.188490,5
1531768622.205591,5
1531768622.222996,5
1531768622.240129,5
1531768622.257455,5
1531768622.274545,5
1531768622.292527,5
1531768622.309543,5
1531768622.326932,5
1531768622.344587,5
1531768622.361678,5
1531768622.392326,5
1531768622.411962,5
1531768622.433534,5
1531768622.454274,5
1531768622.476655,5
1531768622.497872,5
1531768622.519136,5
1531768622.540753,5
1531768622.568496,6
1531768622.586962,6
1531768622.606057,5
1531768622.624555,5
1531768622.644048,5
1531768622.662811,5
1531768622.681785,5
1531768622.700294,6
1531768622.719073,6
1531768622.737337,5
1531768622.756225,5
1531768622.774462,5
1531768622.803741,5
1531768622.822752,5
1531768622.841584,5
1531768622.860146,5
1531768622.878824,5
1531768622.910674,6
1531768622.929501,5
1531768622.948244,5
1531768622.977958,5
1531768622.996304,5
1531768623.015539,6
1531768623.033946,5
1531768623.052807,5
1531768623.071462,5
1531768623.090172,5
1531768623.123166,5
1531768623.144703,5
1531768623.180371,5
1531768623.203112,5
1531768623.221531,6
1531768623.240346,5
1531768623.259332,5
1531768623.278590,5
1531768623.312217,5
1531768623.333236,5
1531768623.352478,5
1531768623.371596,5
1531768623.390431,5
1531768623.409384,5
1531768623.444486,5
1531768623.478780,5
1531768623.498720,5
1531768623.516130,6
1531768623.533163,5
1531768623.550297,5
1531768623.567343,6
1531768623.584304,5
1531768623.601667,5
1531768623.618675,5
1531768623.647679,5
1531768623.664870,6
1531768623.681884,5
1531768623.699179,5
1531768623.730160,6
1531768623.750548,5
1531768623.779413,5
1531768623.802644,5
1531768623.820476,5
1531768623.838222,5
1531768623.872264,5
1531768623.893775,5
1531768623.931379,5
1531768623.956560,5
1531768623.981452,5
1531768624.008112,5
1531768624.034179,5
1531768624.059667,5
1531768624.084781,5
1531768624.110318,5
1531768624.136595,5
1531768624.161809,5
1531768624.187279,5
1531768624.212782,5
1531768624.239302,5
1531768624.260878,5
1531768624.282088,5
1531768624.303202,5
1531768624.324267,6
1531768624.344824,6
1531768624.361932,5
1531768624.379139,5
1531768624.396586,5
1531768624.414355,5
1531768624.431596,5
1531768624.448839,5
1531768624.481910,5
1531768624.503476,5
1531768624.521998,5
1531768624.541489,5
1531768624.560977,5
1531768624.579594,5
1531768624.598059,6
1531768624.617430,5
1531768624.636195,5
1531768624.654645,5
1531768624.673242,5
1531768624.692089,5
1531768624.710378,6
1531768624.729164,6
1531768624.748079,5
1531768624.767512,5
1531768624.785879,5
1531768624.804750,5
1531768624.823801,5
1531768624.843619,5
1531768624.862707,5
1531768624.881384,5
1531768624.899815,5
1531768624.918678,5
1531768624.952310,6
1531768624.979262,5
1531768624.998050,5
1531768625.014863,4
1531768625.031932,5
1531768625.049163,5
1531768625.065835,5
1531768625.082766,6
1531768625.099355,5
1531768625.132612,6
1531768625.151966,6
1531768625.170223,5
1531768625.189617,5
1531768625.207879,6
1531768625.226739,6
1531768625.245691,5
1531768625.264432,5
1531768625.282800,5
1531768625.301863,5
1531768625.333035,5
1531768625.354548,5
1531768625.371700,5
1531768625.389417,5
1531768625.406750,5
1531768625.423881,5
1531768625.440747,5
1531768625.472917,5
1531768625.491833,6
1531768625.510485,5
1531768625.529359,5
1531768625.547941,5
1531768625.566685,6
1531768625.585405,5
1531768625.604257,5
1531768625.622759,6
1531768625.641669,5
1531768625.660607,5
1531768625.689369,5
1531768625.711514,5
1531768625.730251,6
1531768625.748872,5
1531768625.767770,5
1531768625.786517,5
1531768625.805268,5
1531768625.823588,5
1531768625.843564,6
1531768625.871170,5
1531768625.889801,5
1531768625.908655,6
1531768625.927417,5
1531768625.946160,5
1531768625.964516,5
1531768625.999319,5
1531768626.020351,5
1531768626.038991,5
1531768626.074759,5
1531768626.099753,5
1531768626.125362,5
1531768626.151460,5
1531768626.172266,5
1531768626.194121,5
1531768626.230010,5
1531768626.266017,5
1531768626.301899,5
1531768626.327538,5
1531768626.353200,5
1531768626.378552,5
1531768626.405615,6
1531768626.432516,5
1531768626.458730,6
1531768626.483991,5
1531768626.509457,5
1531768626.534812,5
1531768626.561886,5
1531768626.586518,5
1531768626.612730,5
1531768626.634103,5
1531768626.655348,5
1531768626.676599,5
1531768626.698178,5
1531768626.719244,5
1531768626.739952,5
1531768626.760809,5
1531768626.781756,5
1531768626.802803,5
1531768626.829721,5
1531768626.847491,5
1531768626.872586,5
1531768626.890963,6
1531768626.908735,5
1531768626.927028,5
1531768626.944889,5
1531768626.963179,5
1531768626.980870,5
1531768626.998977,5
1531768627.033491,5
1531768627.054554,6
1531768627.081251,5
1531768627.099858,6
1531768627.118574,6
1531768627.137892,5
1531768627.156259,5
1531768627.174997,5
1531768627.193591,5
1531768627.212334,5
1531768627.231242,5
1531768627.250204,5
1531768627.268623,5
1531768627.287176,5
1531768627.305554,5
1531768627.324913,5
1531768627.358992,5
1531768627.378620,5
1531768627.395719,5
1531768627.413395,5
1531768627.430979,5
1531768627.448109,5
1531768627.465300,6
1531768627.482676,5
1531768627.499883,6
1531768627.517341,5
1531768627.534466,5
1531768627.551596,5
1531768627.568664,5
1531768627.586020,5
1531768627.603342,6
1531768627.620723,5
1531768627.638632,5
1531768627.656143,5
1531768627.691029,5
1531768627.711724,5
1531768627.732715,5
1531768627.751477,5
1531768627.769910,5
1531768627.788759,5
1531768627.821190,5
1531768627.838682,5
1531768627.855272,5
1531768627.871974,5
1531768627.888304,5
1531768627.904678,5
1531768627.920969,5
1531768627.956938,5
1531768627.978263,5
1531768627.999062,5
1531768628.019794,5
1531768628.040887,5
1531768628.062047,5
1531768628.082791,5
1531768628.103556,5
1531768628.125989,5
1531768628.147839,5
1531768628.166663,5
1531768628.185517,5
1531768628.204470,6
1531768628.222966,5
1531768628.242417,5
1531768628.261908,5
1531768628.280299,6
1531768628.313698,5
1531768628.332574,4
1531768628.351732,5
1531768628.370619,5
1531768628.389606,5
1531768628.424008,5
1531768628.443417,5
1531768628.460383,6
1531768628.477282,6
1531768628.505486,5
1531768628.523890,5
1531768628.541470,5
1531768628.574643,5
1531768628.595721,6
1531768628.614111,5
1531768628.633051,6
1531768628.651715,6
1531768628.671123,5
1531768628.689433,5
1531768628.708384,5
1531768628.726622,6
1531768628.745397,6
1531768628.763775,5
1531768628.782621,5
1531768628.801557,6
1531768628.821000,5
1531768628.841153,5
1531768628.860482,5
1531768628.890346,6
1531768628.909485,5
1531768628.926508,5
1531768628.943601,5
1531768628.976786,5
1531768628.998324,5
1531768629.019423,6
1531768629.040312,5
1531768629.060922,5
1531768629.090496,6
1531768629.108854,6
1531768629.125940,5
1531768629.143819,5
1531768629.160762,5
1531768629.178149,5
1531768629.195539,6
1531768629.212530,6
1531768629.229816,5
1531768629.246779,6
1531768629.263986,5
1531768629.281494,5
1531768629.298712,5
1531768629.316444,5
1531768629.333877,5
1531768629.351697,5
1531768629.368906,5
1531768629.385903,5
1531768629.403335,5
1531768629.435885,5
1531768629.457925,6
1531768629.476690,5
1531768629.494080,5
1531768629.511356,5
1531768629.528306,5
1531768629.545214,5
1531768629.562870,5
1531768629.580571,5
1531768629.597675,6
1531768629.615768,5
1531768629.633073,6
1531768629.650029,5
