1532986846.432112,0
1532986846.452403,0
1532986846.470337,0
1532986846.487229,0
1532986846.504984,0
1532986846.521806,0
1532986846.539712,0
1532986846.557738,0
1532986846.575066,0
1532986846.592937,0
1532986846.609849,0
1532986846.628570,0
1532986846.646697,0
1532986846.662930,0
1532986846.679444,0
1532986846.697688,0
1532986846.715644,0
1532986846.733370,0
1532986846.750297,0
1532986846.767722,0
1532986846.786654,0
1532986846.802127,0
1532986846.820893,0
1532986846.841703,0
1532986846.860214,0
1532986846.878877,0
1532986846.896745,0
1532986846.914372,0
1532986846.931767,0
1532986846.951607,0
1532986846.969141,0
1532986846.990807,0
1532986847.008319,0
1532986847.026826,0
1532986847.044555,0
1532986847.063494,0
1532986847.082191,0
1532986847.100384,0
1532986847.119193,0
1532986847.137300,0
1532986847.155610,0
1532986847.174036,0
1532986847.192238,0
1532986847.210440,0
1532986847.229053,0
1532986847.247082,0
1532986847.265214,0
1532986847.282989,0
1532986847.301198,0
1532986847.318733,0
1532986847.336471,0
1532986847.355557,0
1532986847.373230,0
1532986847.390586,0
1532986847.408319,0
1532986847.425852,0
1532986847.443861,0
1532986847.461573,0
1532986847.480430,0
1532986847.498079,0
1532986847.515766,0
1532986847.532741,0
1532986847.550043,0
1532986847.567971,0
1532986847.583674,0
1532986847.599538,0
1532986847.615792,0
1532986847.632696,0
1532986847.649184,0
1532986847.665472,0
1532986847.681673,0
1532986847.700010,0
1532986847.718083,0
1532986847.735691,0
1532986847.751449,0
1532986847.767365,0
1532986847.784834,0
1532986847.800968,0
1532986847.816964,0
1532986847.832859,0
1532986847.851024,0
1532986847.869190,0
1532986847.885543,0
1532986847.904018,0
1532986847.920447,0
1532986847.938701,0
1532986847.956732,0
1532986847.975352,0
1532986847.993118,0
1532986848.012179,0
1532986848.030397,0
1532986848.049296,0
1532986848.068543,0
1532986848.087692,0
1532986848.106809,0
1532986848.125460,0
1532986848.143451,0
1532986848.161388,0
1532986848.176647,0
1532986848.194189,0
1532986848.209665,0
1532986848.227723,0
1532986848.245038,0
1532986848.263342,0
1532986848.279440,0
1532986848.296890,0
1532986848.312840,0
1532986848.328615,0
1532986848.344731,0
1532986848.362019,0
1532986848.379527,0
1532986848.397004,0
1532986848.412419,0
1532986848.428075,0
1532986848.443518,0
1532986848.461126,0
1532986848.478876,0
1532986848.496697,0
1532986848.514268,0
1532986848.531683,0
1532986848.549512,0
1532986848.566858,0
1532986848.582627,0
1532986848.598341,0
1532986848.613923,0
1532986848.629229,0
1532986848.644563,0
1532986848.660947,0
1532986848.677059,0
1532986848.693789,0
1532986848.712716,0
1532986848.732276,0
1532986848.748886,0
1532986848.765766,0
1532986848.782157,0
1532986848.798963,0
1532986848.815362,0
1532986848.831193,0
1532986848.846984,0
1532986848.862868,0
1532986848.879008,0
1532986848.895021,0
1532986848.911173,0
1532986848.927261,0
1532986848.943488,0
1532986848.959645,0
1532986848.976488,0
1532986848.992905,0
1532986849.009953,0
1532986849.026202,0
1532986849.042799,0
1532986849.059643,0
1532986849.076522,0
1532986849.093789,0
1532986849.110502,0
1532986849.126439,0
1532986849.142499,0
1532986849.158628,0
1532986849.174859,0
1532986849.190933,0
1532986849.207143,0
1532986849.225113,0
1532986849.242652,0
1532986849.259127,0
1532986849.276718,0
1532986849.294516,0
1532986849.312673,0
1532986849.332626,0
1532986849.350624,0
1532986849.367926,0
1532986849.384576,0
1532986849.413486,0
1532986849.445609,0
1532986849.474380,0
1532986849.504629,0
1532986849.524015,0
1532986849.545032,0
1532986849.565935,0
1532986849.585081,0
1532986849.617769,0
1532986849.654177,0
1532986849.687940,0
1532986849.711865,0
1532986849.730599,0
1532986849.747066,0
1532986849.763476,0
1532986849.780231,0
1532986849.796543,0
1532986849.813151,0
1532986849.829834,0
1532986849.846434,0
1532986849.863353,0
1532986849.880090,0
1532986849.897002,0
1532986849.913690,0
1532986849.930486,0
1532986849.947349,0
1532986849.964179,0
1532986849.981193,0
1532986849.997819,0
1532986850.013701,0
1532986850.029528,0
1532986850.045790,0
1532986850.061910,0
1532986850.077778,0
1532986850.094060,0
1532986850.110049,0
1532986850.126156,0
1532986850.142182,0
1532986850.158169,0
1532986850.174181,0
1532986850.190179,0
1532986850.206799,0
1532986850.223254,0
1532986850.239226,0
1532986850.255210,0
1532986850.271174,0
1532986850.287089,0
1532986850.303702,0
1532986850.319641,0
1532986850.335539,0
1532986850.351918,0
1532986850.368009,0
1532986850.384330,0
1532986850.400877,0
1532986850.417166,0
1532986850.433174,0
1532986850.449601,0
1532986850.467130,0
1532986850.483326,0
1532986850.499563,0
1532986850.515880,0
1532986850.531845,0
1532986850.547824,0
1532986850.563986,0
1532986850.579998,0
1532986850.596660,0
1532986850.613585,0
1532986850.629716,0
1532986850.646115,0
1532986850.662716,0
1532986850.678734,0
1532986850.694758,0
1532986850.711022,0
1532986850.727485,0
1532986850.744194,0
1532986850.760569,0
1532986850.777269,0
1532986850.795477,0
1532986850.813519,0
1532986850.829308,0
1532986850.846012,0
1532986850.863039,0
1532986850.879838,0
1532986850.896780,0
1532986850.913934,0
1532986850.930539,0
1532986850.947317,0
1532986850.964044,0
1532986850.982187,0
1532986850.998463,0
1532986851.037885,0
1532986851.075344,0
1532986851.102008,0
1532986851.123417,0
1532986851.145487,0
1532986851.168310,0
1532986851.188374,0
1532986851.210034,0
1532986851.232638,0
1532986851.254673,0
1532986851.279139,0
1532986851.303125,0
1532986851.326088,0
1532986851.348082,0
1532986851.371023,0
1532986851.393017,0
1532986851.416241,0
1532986851.438243,0
1532986851.460233,0
1532986851.483859,0
1532986851.506275,0
1532986851.529306,0
1532986851.548874,0
1532986851.570733,0
1532986851.592731,0
1532986851.612950,0
1532986851.633057,0
1532986851.654000,0
1532986851.674555,0
1532986851.694994,0
1532986851.714768,0
1532986851.735259,0
1532986851.756969,0
1532986851.778882,0
1532986851.799660,0
1532986851.819689,0
1532986851.841218,0
1532986851.859742,0
1532986851.876750,0
1532986851.893272,0
1532986851.910480,0
1532986851.927744,0
1532986851.944240,0
1532986851.961883,0
1532986851.979872,0
1532986851.995909,0
1532986852.012921,0
1532986852.029192,0
1532986852.045953,0
1532986852.064251,0
1532986852.080155,0
1532986852.095973,0
1532986852.113380,0
1532986852.129880,0
1532986852.166249,0
1532986852.201135,0
1532986852.234885,0
1532986852.261921,0
1532986852.286777,0
1532986852.309185,0
1532986852.331271,0
1532986852.348875,0
1532986852.367097,0
1532986852.385253,0
1532986852.405133,0
1532986852.423055,0
1532986852.442466,0
1532986852.462334,0
1532986852.482425,0
1532986852.502877,0
1532986852.522463,0
1532986852.541866,0
1532986852.562010,0
1532986852.580235,0
1532986852.598398,0
1532986852.616545,0
1532986852.635589,0
1532986852.653909,0
1532986852.671691,0
1532986852.690550,0
1532986852.708399,0
1532986852.726715,0
1532986852.744609,0
1532986852.763102,0
1532986852.780906,0
1532986852.798413,0
1532986852.816435,0
1532986852.834021,0
1532986852.851483,0
1532986852.869219,0
1532986852.887641,0
1532986852.905795,0
1532986852.924078,0
1532986852.942245,0
1532986852.960319,0
1532986852.979728,0
1532986852.998916,0
1532986853.017842,0
1532986853.036634,0
1532986853.056318,0
1532986853.074727,0
1532986853.093866,0
1532986853.111651,0
1532986853.129874,0
1532986853.149318,0
1532986853.167386,0
1532986853.186053,0
1532986853.206176,0
1532986853.225153,0
1532986853.243633,0
1532986853.262991,0
1532986853.282701,0
1532986853.302055,0
1532986853.325524,0
1532986853.344123,0
1532986853.362928,0
1532986853.381451,0
1532986853.400195,0
1532986853.418549,0
1532986853.436224,0
1532986853.453654,0
1532986853.472551,0
1532986853.489778,0
1532986853.508800,0
1532986853.526163,0
1532986853.544446,0
1532986853.564556,0
1532986853.582489,0
1532986853.600729,0
1532986853.619546,0
1532986853.638281,0
1532986853.656730,0
1532986853.674997,0
1532986853.693990,0
1532986853.713292,0
1532986853.733641,0
1532986853.752447,0
1532986853.799264,0
1532986853.836949,0
1532986853.856417,0
1532986853.875149,0
1532986853.893819,0
1532986853.912876,0
1532986853.932659,0
1532986853.951445,0
1532986853.971260,0
1532986853.990728,0
1532986854.010215,0
1532986854.029081,0
1532986854.048321,0
1532986854.069743,0
1532986854.089174,0
1532986854.108426,0
1532986854.129220,0
1532986854.148354,0
1532986854.167901,0
1532986854.189178,0
1532986854.210059,0
1532986854.229696,0
1532986854.248591,0
1532986854.267947,0
1532986854.286955,0
1532986854.305484,0
1532986854.326711,0
1532986854.346327,0
1532986854.367049,0
1532986854.387580,0
1532986854.407745,0
1532986854.426335,0
1532986854.446905,0
1532986854.467563,0
1532986854.486508,0
1532986854.507200,0
1532986854.528139,0
1532986854.549530,0
1532986854.570574,0
1532986854.590726,0
1532986854.610533,0
1532986854.630696,0
1532986854.650717,0
1532986854.669308,0
1532986854.688900,0
1532986854.708687,0
1532986854.727884,0
1532986854.747384,0
1532986854.766976,0
1532986854.788264,0
1532986854.807221,0
1532986854.826378,0
1532986854.847743,0
1532986854.868465,0
1532986854.888956,0
1532986854.910232,0
1532986854.929964,0
1532986854.950497,0
1532986854.971557,0
1532986854.992087,0
1532986855.012920,0
1532986855.032087,0
1532986855.051322,0
1532986855.072262,0
1532986855.093555,0
1532986855.114614,0
1532986855.134784,0
1532986855.155719,0
1532986855.177015,0
1532986855.197937,0
1532986855.218717,0
1532986855.239300,0
1532986855.258945,0
1532986855.278279,0
1532986855.298067,0
1532986855.318321,0
1532986855.337374,0
1532986855.356275,0
1532986855.375536,0
1532986855.394795,0
1532986855.414794,0
1532986855.431617,0
1532986855.450759,0
1532986855.469562,0
1532986855.488558,0
1532986855.506995,0
1532986855.526029,0
1532986855.545380,0
1532986855.565287,0
1532986855.583080,0
1532986855.600523,0
1532986855.620045,0
1532986855.637383,0
1532986855.654655,0
1532986855.673275,0
1532986855.691065,0
1532986855.709991,0
1532986855.728503,0
1532986855.746830,0
1532986855.765751,0
1532986855.782895,0
1532986855.799909,0
1532986855.817543,0
1532986855.834719,0
1532986855.852308,0
1532986855.869462,0
1532986855.886696,0
1532986855.903670,0
1532986855.919521,0
1532986855.935587,0
1532986855.951746,0
1532986855.967961,0
1532986855.983864,0
1532986855.999923,0
1532986856.015737,0
1532986856.031755,0
1532986856.048025,0
1532986856.064030,0
1532986856.079844,0
1532986856.096181,0
1532986856.112230,0
1532986856.129118,0
1532986856.145210,0
1532986856.161534,0
1532986856.177690,0
1532986856.193671,0
1532986856.209561,0
1532986856.226203,0
1532986856.242979,0
1532986856.260399,0
1532986856.277491,0
1532986856.294443,0
1532986856.311225,0
1532986856.327896,0
1532986856.344932,0
1532986856.361229,0
1532986856.377657,0
1532986856.394094,0
1532986856.410027,0
1532986856.426194,0
1532986856.442464,0
1532986856.458657,0
1532986856.475856,0
1532986856.492281,0
1532986856.508197,0
1532986856.524737,0
1532986856.542293,0
1532986856.558379,0
1532986856.574889,0
1532986856.591585,0
1532986856.609368,0
1532986856.626128,0
1532986856.644322,0
1532986856.663174,0
1532986856.681599,0
1532986856.699189,0
1532986856.716852,0
1532986856.733653,0
1532986856.750648,0
1532986856.767833,0
1532986856.785218,0
1532986856.801642,0
1532986856.818938,0
1532986856.836774,0
1532986856.855331,0
1532986856.871942,0
1532986856.888635,0
1532986856.906513,0
1532986856.922805,0
1532986856.939212,0
1532986856.955471,0
1532986856.971760,0
1532986856.989933,0
1532986857.006227,0
1532986857.024573,0
1532986857.042995,0
1532986857.060772,0
1532986857.078427,0
1532986857.095870,0
1532986857.113711,0
1532986857.131866,0
1532986857.149205,0
1532986857.168307,0
1532986857.185091,0
1532986857.202738,0
1532986857.219946,0
1532986857.236410,0
1532986857.253571,0
1532986857.269942,0
1532986857.286716,0
1532986857.302841,0
1532986857.319152,0
1532986857.335901,0
1532986857.352059,0
1532986857.368768,0
1532986857.385816,0
1532986857.402876,0
1532986857.419930,0
1532986857.437145,0
1532986857.453902,0
1532986857.471507,0
1532986857.489411,0
1532986857.505691,0
1532986857.522839,0
1532986857.539348,0
1532986857.556069,0
1532986857.573097,0
1532986857.589769,0
1532986857.606726,0
1532986857.623067,0
1532986857.639316,0
1532986857.655978,0
1532986857.673228,0
1532986857.689586,0
1532986857.706018,0
1532986857.721833,0
1532986857.737877,0
1532986857.754417,0
1532986857.770644,0
1532986857.786611,0
1532986857.803297,0
1532986857.820278,0
1532986857.836461,0
1532986857.853104,0
1532986857.869270,0
1532986857.885550,0
1532986857.902174,0
1532986857.919909,0
1532986857.961733,0
1532986858.007615,0
1532986858.042925,0
1532986858.063798,0
1532986858.086707,0
1532986858.109753,0
1532986858.133080,0
1532986858.155913,0
1532986858.178329,0
1532986858.201566,0
1532986858.223541,0
1532986858.245064,0
1532986858.267376,0
1532986858.290269,0
1532986858.311654,0
1532986858.332875,0
1532986858.355358,0
1532986858.377546,0
1532986858.399607,0
1532986858.421719,0
1532986858.443724,0
1532986858.466191,0
1532986858.487365,0
1532986858.511260,0
1532986858.533403,0
1532986858.554493,0
1532986858.573089,0
1532986858.591454,0
1532986858.609753,0
1532986858.627062,0
1532986858.644269,0
1532986858.661261,0
1532986858.678930,0
1532986858.696189,0
1532986858.714807,0
1532986858.732976,0
1532986858.750906,0
1532986858.768933,0
1532986858.786931,0
1532986858.804646,0
1532986858.822800,0
1532986858.841107,0
1532986858.857866,0
1532986858.875341,0
1532986858.892312,0
1532986858.909169,0
1532986858.926892,0
1532986858.943692,0
1532986858.960472,0
1532986858.978494,0
1532986858.995527,0
1532986859.012595,0
1532986859.028807,0
1532986859.044772,0
1532986859.061469,0
1532986859.077530,0
1532986859.094064,0
1532986859.110819,0
1532986859.127102,0
1532986859.143801,0
1532986859.160228,0
1532986859.177689,0
1532986859.194379,0
1532986859.210708,0
1532986859.226569,0
1532986859.243030,0
1532986859.259289,0
1532986859.275277,0
1532986859.291298,0
1532986859.307419,0
1532986859.325334,0
1532986859.341684,0
1532986859.358191,0
1532986859.376023,0
1532986859.393862,0
1532986859.410440,0
1532986859.428085,0
1532986859.445105,0
1532986859.461807,0
1532986859.478771,0
1532986859.496440,0
1532986859.514260,0
1532986859.530811,0
1532986859.549145,0
1532986859.566965,0
1532986859.584415,0
1532986859.602244,0
1532986859.619665,0
1532986859.637201,0
1532986859.653941,0
1532986859.671018,0
1532986859.689146,0
1532986859.705448,0
1532986859.722768,0
1532986859.741011,0
1532986859.758005,0
1532986859.777302,0
1532986859.793849,0
1532986859.811915,0
1532986859.830718,0
1532986859.847972,0
1532986859.865306,0
1532986859.882173,0
1532986859.899956,0
1532986859.917900,0
1532986859.935016,0
1532986859.952243,0
1532986859.970371,0
1532986859.986909,0
1532986860.005103,0
1532986860.022021,0
1532986860.039094,0
1532986860.056059,0
1532986860.073215,0
1532986860.090128,0
1532986860.107655,0
1532986860.124949,0
1532986860.142178,0
1532986860.159614,0
1532986860.179662,0
1532986860.198527,0
1532986860.217128,0
1532986860.235064,0
1532986860.253496,0
1532986860.271483,0
1532986860.288356,0
1532986860.306401,0
1532986860.323217,0
1532986860.342021,0
1532986860.359051,0
1532986860.377999,0
1532986860.397199,0
1532986860.415074,0
1532986860.432236,0
1532986860.449681,0
1532986860.468677,0
1532986860.485871,0
1532986860.504369,0
1532986860.522363,0
1532986860.540335,0
1532986860.558892,0
1532986860.576602,0
1532986860.594459,0
1532986860.612645,0
1532986860.631274,0
1532986860.648799,0
1532986860.667044,0
1532986860.683823,0
1532986860.701099,0
1532986860.718299,0
1532986860.735268,0
1532986860.753089,0
1532986860.770603,0
1532986860.788675,0
1532986860.805669,0
1532986860.822680,0
1532986860.840084,0
1532986860.856929,0
1532986860.874305,0
1532986860.891636,0
1532986860.908375,0
1532986860.925530,0
1532986860.942201,0
1532986860.959202,0
1532986860.976684,0
1532986860.993407,0
1532986861.010667,0
1532986861.027517,0
1532986861.044676,0
1532986861.061860,0
1532986861.079426,0
1532986861.096654,0
1532986861.113748,0
1532986861.131382,0
1532986861.148024,0
1532986861.165047,0
1532986861.181773,0
1532986861.198383,0
1532986861.215051,0
1532986861.231767,0
1532986861.248845,0
1532986861.265791,0
1532986861.282453,0
1532986861.298864,0
1532986861.315361,0
1532986861.332213,0
1532986861.348684,0
1532986861.365235,0
1532986861.382245,0
1532986861.399344,0
1532986861.417178,0
1532986861.433866,0
1532986861.450560,0
1532986861.469057,0
1532986861.485977,0
1532986861.503077,0
1532986861.520104,0
1532986861.538956,0
1532986861.556959,0
1532986861.573986,0
1532986861.592242,0
1532986861.611005,0
1532986861.629447,0
1532986861.647491,0
1532986861.665117,0
1532986861.683009,0
1532986861.699910,0
1532986861.717127,0
1532986861.734700,0
1532986861.751807,0
1532986861.768781,0
1532986861.785865,0
1532986861.802966,0
1532986861.820008,0
1532986861.837326,0
1532986861.854187,0
1532986861.871071,0
1532986861.887853,0
1532986861.904827,0
1532986861.946831,0
1532986861.985241,0
1532986862.010444,0
1532986862.035063,0
1532986862.059061,0
1532986862.082211,0
1532986862.105271,0
1532986862.127860,0
1532986862.151616,0
1532986862.173496,0
1532986862.196354,0
1532986862.219394,0
1532986862.242132,0
1532986862.262841,0
1532986862.286291,0
1532986862.308178,0
1532986862.330810,0
1532986862.352998,0
1532986862.375883,0
1532986862.397778,0
1532986862.416229,0
1532986862.434585,0
1532986862.453403,0
1532986862.472498,0
1532986862.491902,0
1532986862.511172,0
1532986862.530245,0
1532986862.551782,0
1532986862.572881,0
1532986862.593445,0
1532986862.612689,0
1532986862.631858,0
1532986862.651712,0
1532986862.670827,0
1532986862.690822,0
1532986862.710031,0
1532986862.729207,0
1532986862.747578,0
1532986862.766996,0
1532986862.785348,0
1532986862.804572,0
1532986862.823214,0
1532986862.842606,0
1532986862.861475,0
1532986862.882764,0
1532986862.901715,0
1532986862.921551,0
1532986862.941300,0
1532986862.961119,0
1532986862.980705,0
1532986863.001532,0
1532986863.021193,0
1532986863.040014,0
1532986863.059695,0
1532986863.078887,0
1532986863.098096,0
1532986863.117403,0
1532986863.136725,0
1532986863.155383,0
1532986863.174019,0
1532986863.192478,0
1532986863.211668,0
1532986863.229904,0
1532986863.248734,0
1532986863.267516,0
1532986863.286732,0
1532986863.305947,0
1532986863.325058,0
1532986863.344309,0
1532986863.363638,0
1532986863.382129,0
1532986863.400676,0
1532986863.419508,0
1532986863.438662,0
1532986863.456995,0
1532986863.476606,0
1532986863.494554,0
1532986863.510547,0
1532986863.526766,0
1532986863.542942,0
1532986863.559221,0
1532986863.575361,0
1532986863.591622,0
1532986863.608451,0
1532986863.624776,0
1532986863.641293,0
1532986863.657952,0
1532986863.674457,0
1532986863.690822,0
1532986863.707746,0
1532986863.724916,0
1532986863.741218,0
1532986863.757747,0
1532986863.775821,0
1532986863.793687,0
1532986863.810002,0
1532986863.826466,0
1532986863.843503,0
1532986863.860370,0
1532986863.876711,0
1532986863.893562,0
1532986863.909824,0
1532986863.926041,0
1532986863.942421,0
1532986863.958489,0
1532986863.974784,0
1532986863.991035,0
1532986864.007054,0
1532986864.022765,0
1532986864.039402,0
1532986864.055500,0
1532986864.071607,0
1532986864.087772,0
1532986864.104458,0
1532986864.120467,0
1532986864.136813,0
1532986864.153164,0
1532986864.169176,0
1532986864.185257,0
1532986864.201886,0
1532986864.217995,0
1532986864.233829,0
1532986864.249997,0
1532986864.266026,0
1532986864.282632,0
1532986864.298867,0
1532986864.315308,0
1532986864.331850,0
1532986864.348212,0
1532986864.365999,0
1532986864.382281,0
1532986864.398616,0
1532986864.414954,0
1532986864.431995,0
1532986864.448831,0
1532986864.465825,0
1532986864.483005,0
1532986864.500111,0
1532986864.517887,0
1532986864.534747,0
1532986864.552981,0
1532986864.571635,0
1532986864.589465,0
1532986864.606385,0
1532986864.622705,0
1532986864.639558,0
1532986864.655841,0
1532986864.671976,0
1532986864.688071,0
1532986864.704894,0
1532986864.721236,0
1532986864.737968,0
1532986864.755250,0
1532986864.771526,0
1532986864.787857,0
1532986864.804120,0
1532986864.820045,0
1532986864.836765,0
1532986864.853203,0
1532986864.869450,0
1532986864.885596,0
1532986864.901896,0
1532986864.918182,0
1532986864.934160,0
1532986864.950556,0
1532986864.966422,0
1532986864.983486,0
1532986865.000144,0
1532986865.016353,0
1532986865.032604,0
1532986865.048921,0
1532986865.064947,0
1532986865.082267,0
1532986865.100341,0
1532986865.116003,0
1532986865.133456,0
1532986865.149127,0
1532986865.165914,0
1532986865.182297,0
1532986865.200126,0
1532986865.216495,0
1532986865.232866,0
1532986865.249382,0
1532986865.266141,0
1532986865.282816,0
1532986865.301094,0
1532986865.318606,0
1532986865.335172,0
1532986865.351297,0
1532986865.369267,0
1532986865.387050,0
1532986865.403587,0
1532986865.420084,0
1532986865.437166,0
1532986865.454596,0
1532986865.473023,0
1532986865.489827,0
1532986865.505999,0
1532986865.524050,0
1532986865.541996,0
1532986865.557911,0
1532986865.574649,0
1532986865.590679,0
1532986865.607757,0
1532986865.625437,0
1532986865.642961,0
1532986865.659697,0
1532986865.676822,0
1532986865.693434,0
1532986865.711119,0
1532986865.728561,0
1532986865.746225,0
1532986865.762893,0
1532986865.780898,0
1532986865.798709,0
1532986865.815650,0
1532986865.859303,0
1532986865.901184,0
1532986865.925421,0
1532986865.943222,0
1532986865.960602,0
1532986865.977971,0
1532986865.994494,0
1532986866.011479,0
1532986866.028247,0
1532986866.044870,0
1532986866.062374,0
1532986866.080090,0
1532986866.097609,0
1532986866.115408,0
1532986866.133066,0
1532986866.150597,0
1532986866.167246,0
1532986866.184232,0
1532986866.201811,0
1532986866.219701,0
1532986866.237463,0
1532986866.255549,0
1532986866.273858,0
1532986866.291395,0
1532986866.309347,0
1532986866.328088,0
1532986866.345950,0
1532986866.363651,0
1532986866.380288,0
1532986866.398096,0
1532986866.416586,0
1532986866.434578,0
1532986866.452085,0
1532986866.469984,0
1532986866.487308,0
1532986866.504951,0
1532986866.522945,0
1532986866.540871,0
1532986866.558795,0
1532986866.574911,0
1532986866.591176,0
1532986866.608209,0
1532986866.624684,0
1532986866.641469,0
1532986866.658100,0
1532986866.676656,0
1532986866.693886,0
1532986866.712992,0
1532986866.731040,0
1532986866.747658,0
1532986866.766239,0
1532986866.785075,0
1532986866.802537,0
1532986866.821706,0
1532986866.838717,0
1532986866.855794,0
1532986866.872545,0
1532986866.889602,0
1532986866.907626,0
1532986866.925504,0
1532986866.942199,0
1532986866.958859,0
1532986866.975746,0
1532986866.992292,0
1532986867.009062,0
1532986867.027611,0
1532986867.044664,0
1532986867.061258,0
1532986867.080115,0
1532986867.098452,0
1532986867.116654,0
1532986867.135083,0
1532986867.153539,0
1532986867.172205,0
1532986867.189346,0
1532986867.206390,0
1532986867.223244,0
1532986867.241323,0
1532986867.259170,0
1532986867.276618,0
1532986867.293911,0
1532986867.311954,0
1532986867.329051,0
1532986867.346052,0
1532986867.363608,0
1532986867.380517,0
1532986867.397879,0
1532986867.415376,0
1532986867.432671,0
1532986867.449416,0
1532986867.466836,0
1532986867.484019,0
1532986867.500356,0
1532986867.517942,0
1532986867.534519,0
1532986867.550908,0
1532986867.567106,0
1532986867.583166,0
1532986867.601685,0
1532986867.620141,0
1532986867.636643,0
1532986867.653606,0
1532986867.670594,0
1532986867.688145,0
1532986867.706040,0
1532986867.724877,0
1532986867.742914,0
1532986867.759939,0
1532986867.777924,0
1532986867.795753,0
1532986867.813027,0
1532986867.830573,0
1532986867.848731,0
1532986867.866193,0
1532986867.885035,0
1532986867.903528,0
1532986867.922166,0
1532986867.939112,0
1532986867.957365,0
1532986868.005303,0
1532986868.049485,0
1532986868.090333,0
1532986868.113741,0
1532986868.138122,0
1532986868.160755,0
1532986868.186300,0
1532986868.208295,0
1532986868.230981,0
1532986868.253302,0
1532986868.276316,0
1532986868.301464,0
1532986868.325071,0
1532986868.349311,0
1532986868.372911,0
1532986868.394637,0
1532986868.417647,0
1532986868.441225,0
1532986868.466496,0
1532986868.490217,0
1532986868.512562,0
1532986868.535222,0
1532986868.558902,0
1532986868.581529,0
1532986868.605157,0
1532986868.629342,0
1532986868.653134,0
1532986868.676089,0
1532986868.698149,0
1532986868.721354,0
1532986868.744520,0
1532986868.767060,0
1532986868.790114,0
1532986868.813098,0
1532986868.835963,0
1532986868.878448,0
1532986868.906014,0
1532986868.926067,0
1532986868.946407,0
1532986868.967057,0
1532986868.985674,0
1532986869.004130,0
1532986869.023206,0
1532986869.042933,0
1532986869.063111,0
1532986869.083644,0
1532986869.104029,0
1532986869.123193,0
1532986869.143759,0
1532986869.163798,0
1532986869.183405,0
1532986869.203983,0
1532986869.246006,0
1532986869.285102,0
1532986869.309636,0
1532986869.331993,0
1532986869.355448,0
1532986869.378446,0
1532986869.401798,0
1532986869.425918,0
1532986869.450258,0
1532986869.474706,0
1532986869.500456,0
1532986869.523366,0
1532986869.546190,0
1532986869.568916,0
1532986869.590971,0
1532986869.613520,0
1532986869.634454,0
1532986869.658154,0
1532986869.682124,0
1532986869.706500,0
1532986869.727950,0
1532986869.749974,0
1532986869.772437,0
1532986869.794791,0
1532986869.819485,0
1532986869.845580,0
1532986869.869398,0
1532986869.893141,0
1532986869.915174,0
1532986869.939396,0
1532986869.961414,0
1532986869.984810,0
1532986870.006771,0
1532986870.029109,0
1532986870.051879,0
1532986870.073711,0
1532986870.095604,0
1532986870.117614,0
1532986870.139426,0
1532986870.163033,0
1532986870.185375,0
1532986870.208807,0
1532986870.229768,0
1532986870.250963,0
1532986870.273624,0
1532986870.294862,0
1532986870.317086,0
1532986870.340593,0
1532986870.364916,0
1532986870.386302,0
1532986870.408778,0
1532986870.431069,0
1532986870.453458,0
1532986870.475465,0
1532986870.496985,0
1532986870.518538,0
1532986870.540608,0
1532986870.561628,0
1532986870.580656,0
1532986870.599836,0
1532986870.620052,0
1532986870.638424,0
1532986870.657810,0
1532986870.676611,0
1532986870.695784,0
1532986870.715066,0
1532986870.733841,0
1532986870.752302,0
1532986870.770986,0
1532986870.789488,0
1532986870.808760,0
1532986870.828349,0
1532986870.848842,0
1532986870.868189,0
1532986870.886599,0
1532986870.907470,0
1532986870.925438,0
1532986870.941641,0
1532986870.957949,0
1532986870.973878,0
1532986870.991001,0
1532986871.008027,0
1532986871.024176,0
1532986871.040954,0
1532986871.057404,0
1532986871.073455,0
1532986871.090139,0
1532986871.106252,0
1532986871.122703,0
1532986871.139613,0
1532986871.156511,0
1532986871.172726,0
1532986871.189083,0
1532986871.206143,0
1532986871.222477,0
1532986871.239381,0
1532986871.258188,0
1532986871.275383,0
1532986871.292777,0
1532986871.310907,0
1532986871.327627,0
1532986871.344887,0
1532986871.362058,0
1532986871.402169,0
1532986871.448756,0
1532986871.490466,0
1532986871.514307,0
1532986871.537216,0
1532986871.561229,0
1532986871.586937,0
1532986871.610840,0
1532986871.632564,0
1532986871.656957,0
1532986871.678589,0
1532986871.700442,0
1532986871.721802,0
1532986871.741898,0
1532986871.762655,0
1532986871.783981,0
1532986871.804867,0
1532986871.826062,0
1532986871.845133,0
1532986871.864806,0
1532986871.883905,0
1532986871.903807,0
1532986871.923836,0
1532986871.943530,0
1532986871.963299,0
1532986871.983664,0
1532986872.002861,0
1532986872.021661,0
1532986872.041037,0
1532986872.060056,0
1532986872.080624,0
1532986872.101312,0
1532986872.121722,0
1532986872.141855,0
1532986872.162354,0
1532986872.182344,0
1532986872.202022,0
1532986872.222865,0
1532986872.242071,0
1532986872.261102,0
1532986872.280484,0
1532986872.298628,0
1532986872.317610,0
1532986872.335819,0
1532986872.354615,0
1532986872.373746,0
1532986872.392094,0
1532986872.411226,0
1532986872.432315,0
1532986872.454373,0
1532986872.475527,0
1532986872.494302,0
1532986872.514474,0
1532986872.534687,0
1532986872.555604,0
1532986872.576456,0
1532986872.597666,0
1532986872.618775,0
1532986872.638196,0
1532986872.658392,0
1532986872.678170,0
1532986872.696806,0
1532986872.717870,0
1532986872.737968,0
1532986872.756897,0
1532986872.776812,0
1532986872.797424,0
1532986872.817414,0
1532986872.839053,0
1532986872.858689,0
1532986872.879649,0
1532986872.898547,0
1532986872.916644,0
1532986872.935097,0
1532986872.953382,0
1532986872.971730,0
1532986872.990325,0
1532986873.011661,0
1532986873.030477,0
1532986873.051757,0
1532986873.072366,0
1532986873.095906,0
1532986873.116701,0
1532986873.137103,0
1532986873.156257,0
1532986873.176300,0
1532986873.196524,0
1532986873.217773,0
1532986873.238378,0
1532986873.257412,0
1532986873.277130,0
1532986873.297292,0
1532986873.316427,0
1532986873.336788,0
1532986873.357007,0
1532986873.379361,0
1532986873.400608,0
1532986873.419321,0
1532986873.437914,0
1532986873.457286,0
1532986873.476373,0
1532986873.497725,0
1532986873.518678,0
1532986873.539636,0
1532986873.560342,0
1532986873.580715,0
1532986873.601012,0
1532986873.620097,0
1532986873.641531,0
1532986873.663142,0
1532986873.681493,0
1532986873.700605,0
1532986873.718883,0
1532986873.739897,0
1532986873.760325,0
1532986873.780087,0
1532986873.800162,0
1532986873.820621,0
1532986873.840047,0
1532986873.859125,0
1532986873.880490,0
1532986873.901240,0
1532986873.920975,0
1532986873.940703,0
1532986873.959990,0
1532986873.981466,0
1532986874.003388,0
1532986874.024458,0
1532986874.045419,0
1532986874.065467,0
1532986874.085510,0
1532986874.106647,0
1532986874.126768,0
1532986874.146131,0
1532986874.166043,0
1532986874.187215,0
1532986874.206269,0
1532986874.225774,0
1532986874.246203,0
1532986874.265706,0
1532986874.284269,0
1532986874.303220,0
1532986874.322030,0
1532986874.341371,0
1532986874.361099,0
1532986874.381257,0
1532986874.400449,0
1532986874.419268,0
1532986874.438395,0
1532986874.457417,0
1532986874.475760,0
1532986874.494516,0
1532986874.514122,0
1532986874.533203,0
1532986874.552520,0
1532986874.571352,0
1532986874.590316,0
1532986874.609481,0
1532986874.627818,0
1532986874.644560,0
1532986874.661326,0
1532986874.678987,0
1532986874.695671,0
1532986874.712630,0
1532986874.729822,0
1532986874.746748,0
1532986874.763719,0
1532986874.780822,0
1532986874.797879,0
1532986874.814868,0
1532986874.831724,0
1532986874.849304,0
1532986874.866221,0
1532986874.883163,0
1532986874.900199,0
1532986874.917036,0
1532986874.934898,0
1532986874.953018,0
1532986874.970712,0
1532986874.988766,0
1532986875.005871,0
1532986875.023554,0
1532986875.041073,0
1532986875.057941,0
1532986875.074904,0
1532986875.091807,0
1532986875.108683,0
1532986875.126188,0
1532986875.142726,0
1532986875.160102,0
1532986875.176536,0
1532986875.193292,0
1532986875.210396,0
1532986875.228561,0
1532986875.246117,0
1532986875.265741,0
1532986875.284772,0
1532986875.303850,0
1532986875.321796,0
1532986875.339701,0
1532986875.357314,0
1532986875.376098,0
1532986875.393721,0
1532986875.411819,0
1532986875.429293,0
1532986875.471232,0
1532986875.510778,0
1532986875.533093,0
1532986875.553310,0
1532986875.573381,0
1532986875.618798,0
1532986875.645301,0
1532986875.665293,0
1532986875.683535,0
1532986875.701545,0
1532986875.718365,0
1532986875.734690,0
1532986875.750985,0
1532986875.769478,0
1532986875.786106,0
1532986875.831846,0
1532986875.874871,0
1532986875.906204,0
1532986875.927266,0
1532986875.947873,0
1532986875.967877,0
1532986875.988795,0
1532986876.007731,0
1532986876.026507,0
1532986876.045436,0
1532986876.063900,0
1532986876.082634,0
1532986876.101566,0
1532986876.120173,0
1532986876.138819,0
1532986876.158713,0
1532986876.177700,0
1532986876.197048,0
1532986876.216719,0
1532986876.236281,0
1532986876.257449,0
1532986876.278265,0
1532986876.296984,0
1532986876.317240,0
1532986876.336629,0
1532986876.357685,0
1532986876.378740,0
1532986876.403662,0
1532986876.422298,0
1532986876.441560,0
1532986876.461177,0
1532986876.480521,0
1532986876.499337,0
1532986876.520069,0
1532986876.540510,0
1532986876.586264,0
1532986876.617526,0
1532986876.639137,0
1532986876.658998,0
1532986876.678049,0
1532986876.697352,0
1532986876.715774,0
1532986876.734825,0
1532986876.753995,0
1532986876.771921,0
1532986876.790945,0
1532986876.807652,0
1532986876.824791,0
1532986876.842261,0
1532986876.860491,0
1532986876.878639,0
1532986876.896676,0
1532986876.914828,0
1532986876.931783,0
1532986876.950199,0
1532986876.969166,0
1532986876.988264,0
1532986877.006784,0
1532986877.025637,0
1532986877.042418,0
1532986877.061368,0
1532986877.078683,0
1532986877.096093,0
1532986877.114899,0
1532986877.133657,0
1532986877.151688,0
1532986877.169649,0
1532986877.187271,0
1532986877.204232,0
1532986877.221617,0
1532986877.238739,0
1532986877.255977,0
1532986877.273691,0
1532986877.290918,0
1532986877.308238,0
1532986877.325205,0
1532986877.343278,0
1532986877.360259,0
1532986877.377626,0
1532986877.394915,0
1532986877.412235,0
1532986877.429876,0
1532986877.448092,0
1532986877.466236,0
1532986877.483563,0
1532986877.501369,0
1532986877.520969,0
1532986877.538354,0
1532986877.556752,0
1532986877.575105,0
1532986877.592332,0
1532986877.610512,0
1532986877.627770,0
1532986877.645864,0
1532986877.664213,0
1532986877.681410,0
1532986877.700663,0
1532986877.718751,0
1532986877.737333,0
1532986877.756551,0
1532986877.775606,0
1532986877.794188,0
1532986877.811296,0
1532986877.830188,0
1532986877.846881,0
1532986877.865774,0
1532986877.882757,0
1532986877.925583,0
1532986877.969122,0
1532986878.006151,0
1532986878.029888,0
1532986878.051968,0
1532986878.077783,0
1532986878.098822,0
1532986878.120522,0
1532986878.142113,0
1532986878.165910,0
1532986878.187839,0
1532986878.212086,0
1532986878.236681,0
1532986878.261103,0
1532986878.283738,0
1532986878.305797,0
1532986878.328415,0
1532986878.351878,0
1532986878.374722,0
1532986878.396820,0
1532986878.418920,0
1532986878.441271,0
1532986878.463779,0
1532986878.484782,0
1532986878.506187,0
1532986878.527048,0
1532986878.551324,0
1532986878.572912,0
1532986878.594699,0
1532986878.616636,0
1532986878.640343,0
1532986878.661841,0
1532986878.683928,0
1532986878.706061,0
1532986878.730017,0
1532986878.753822,0
1532986878.775247,0
1532986878.798261,0
1532986878.821434,0
1532986878.842352,0
1532986878.864220,0
1532986878.886710,0
1532986878.910582,0
1532986878.933860,0
1532986878.957852,0
1532986878.981604,0
1532986879.005994,0
1532986879.030400,0
1532986879.052242,0
1532986879.074538,0
1532986879.097659,0
1532986879.119625,0
1532986879.140564,0
1532986879.159813,0
1532986879.179446,0
1532986879.198024,0
1532986879.216705,0
1532986879.235843,0
1532986879.255177,0
1532986879.275256,0
1532986879.293960,0
1532986879.312565,0
1532986879.331889,0
1532986879.351082,0
1532986879.367956,0
1532986879.384199,0
1532986879.401088,0
1532986879.417415,0
1532986879.434550,0
1532986879.451263,0
1532986879.468424,0
1532986879.485222,0
1532986879.501889,0
1532986879.518308,0
1532986879.534890,0
1532986879.550896,0
1532986879.566922,0
1532986879.584228,0
1532986879.600795,0
1532986879.617333,0
1532986879.633243,0
1532986879.649884,0
1532986879.666659,0
1532986879.683021,0
1532986879.699617,0
1532986879.716293,0
1532986879.732721,0
1532986879.749594,0
1532986879.766385,0
1532986879.783364,0
1532986879.799654,0
1532986879.816074,0
1532986879.832622,0
1532986879.849195,0
1532986879.866001,0
1532986879.883084,0
1532986879.899650,0
1532986879.916269,0
1532986879.933553,0
1532986879.950356,0
1532986879.967225,0
1532986879.984357,0
1532986880.001216,0
1532986880.018507,0
1532986880.035729,0
1532986880.052366,0
1532986880.068853,0
1532986880.085146,0
1532986880.101752,0
1532986880.118865,0
1532986880.135808,0
1532986880.152226,0
1532986880.168981,0
1532986880.185260,0
1532986880.201724,0
1532986880.218596,0
1532986880.235319,0
1532986880.251907,0
1532986880.268968,0
1532986880.285783,0
1532986880.302150,0
1532986880.319480,0
1532986880.336465,0
1532986880.352648,0
1532986880.369301,0
1532986880.387376,0
1532986880.404299,0
1532986880.420570,0
1532986880.437189,0
1532986880.453435,0
1532986880.470623,0
1532986880.487675,0
1532986880.504598,0
1532986880.521020,0
1532986880.537296,0
1532986880.554188,0
1532986880.570475,0
1532986880.587123,0
1532986880.604006,0
1532986880.620392,0
1532986880.636768,0
1532986880.653956,0
1532986880.670419,0
1532986880.687104,0
1532986880.703262,0
1532986880.719539,0
1532986880.736118,0
1532986880.752219,0
1532986880.768264,0
1532986880.784781,0
1532986880.801403,0
1532986880.817626,0
1532986880.834164,0
1532986880.850656,0
1532986880.867070,0
1532986880.883624,0
1532986880.900036,0
1532986880.916608,0
1532986880.932844,0
1532986880.949024,0
1532986880.965719,0
1532986880.982574,0
1532986880.999125,0
1532986881.015658,0
1532986881.033018,0
1532986881.049845,0
1532986881.066350,0
1532986881.083378,0
1532986881.100456,0
1532986881.116775,0
1532986881.133237,0
1532986881.150191,0
1532986881.167105,0
1532986881.183443,0
1532986881.200460,0
1532986881.216937,0
1532986881.233258,0
1532986881.250607,0
1532986881.267798,0
1532986881.284783,0
1532986881.301651,0
1532986881.319280,0
1532986881.337522,0
1532986881.381453,0
1532986881.425345,0
1532986881.447755,0
1532986881.466330,0
1532986881.485070,0
1532986881.504850,0
1532986881.524374,0
1532986881.543359,0
1532986881.563541,0
1532986881.582813,0
1532986881.601837,0
1532986881.622033,0
1532986881.642098,0
1532986881.662349,0
1532986881.681098,0
1532986881.699491,0
1532986881.717832,0
1532986881.736349,0
1532986881.754488,0
1532986881.773332,0
1532986881.794607,0
1532986881.814034,0
1532986881.834781,0
1532986881.854470,0
1532986881.875009,0
1532986881.895132,0
1532986881.915412,0
1532986881.936424,0
1532986881.956372,0
1532986881.978729,0
1532986881.999569,0
1532986882.019795,0
1532986882.039172,0
1532986882.059635,0
1532986882.079938,0
1532986882.098666,0
1532986882.117724,0
1532986882.135851,0
1532986882.154383,0
1532986882.172651,0
1532986882.191420,0
1532986882.210205,0
1532986882.229960,0
1532986882.248394,0
1532986882.269318,0
1532986882.288759,0
1532986882.309615,0
1532986882.330525,0
1532986882.351442,0
1532986882.372666,0
1532986882.393541,0
1532986882.412286,0
1532986882.433370,0
1532986882.452034,0
1532986882.472065,0
1532986882.491344,0
1532986882.510414,0
1532986882.529342,0
1532986882.548139,0
1532986882.569209,0
1532986882.588135,0
1532986882.609230,0
1532986882.630247,0
1532986882.651256,0
1532986882.671230,0
1532986882.690995,0
1532986882.710440,0
1532986882.729071,0
1532986882.749551,0
1532986882.770859,0
1532986882.790223,0
1532986882.808472,0
1532986882.827332,0
1532986882.846432,0
1532986882.866002,0
1532986882.885924,0
1532986882.905332,0
1532986882.927052,0
1532986882.948285,0
1532986882.969172,0
1532986882.989843,0
1532986883.010129,0
1532986883.029101,0
1532986883.049768,0
1532986883.069895,0
1532986883.090227,0
1532986883.108688,0
1532986883.126539,0
1532986883.145242,0
1532986883.165746,0
1532986883.185078,0
1532986883.204060,0
1532986883.246534,0
1532986883.292827,0
1532986883.321209,0
1532986883.351688,0
1532986883.381000,0
1532986883.409279,0
1532986883.427570,0
1532986883.444014,0
1532986883.460240,0
1532986883.477264,0
1532986883.493822,0
1532986883.510338,0
1532986883.527326,0
1532986883.544019,0
1532986883.560507,0
1532986883.576929,0
1532986883.594008,0
1532986883.610712,0
1532986883.627539,0
1532986883.644630,0
1532986883.661552,0
1532986883.678211,0
1532986883.695288,0
1532986883.711371,0
1532986883.727625,0
1532986883.744672,0
1532986883.761613,0
1532986883.778072,0
1532986883.794751,0
1532986883.811486,0
1532986883.828069,0
1532986883.844563,0
1532986883.861151,0
1532986883.878543,0
1532986883.895203,0
1532986883.913302,0
1532986883.931450,0
1532986883.947775,0
1532986883.964072,0
1532986883.982306,0
1532986883.999385,0
1532986884.017412,0
1532986884.033945,0
1532986884.050289,0
1532986884.066734,0
1532986884.083510,0
1532986884.100452,0
1532986884.116834,0
1532986884.133139,0
1532986884.149651,0
1532986884.165707,0
1532986884.181835,0
1532986884.197977,0
1532986884.214103,0
1532986884.230928,0
1532986884.247467,0
1532986884.264354,0
1532986884.281127,0
1532986884.297268,0
1532986884.313461,0
1532986884.329681,0
1532986884.346333,0
1532986884.362531,0
1532986884.379852,0
1532986884.397701,0
1532986884.413683,0
1532986884.429943,0
1532986884.447859,0
1532986884.464563,0
1532986884.483611,0
1532986884.500603,0
1532986884.517770,0
1532986884.534995,0
1532986884.552206,0
1532986884.569587,0
1532986884.586740,0
1532986884.605213,0
1532986884.622134,0
1532986884.640066,0
1532986884.658455,0
1532986884.675409,0
1532986884.692871,0
1532986884.710067,0
1532986884.727514,0
1532986884.744660,0
1532986884.761759,0
1532986884.779010,0
1532986884.796133,0
1532986884.813054,0
1532986884.829653,0
1532986884.846861,0
1532986884.863634,0
1532986884.880305,0
1532986884.897143,0
1532986884.914759,0
1532986884.931209,0
1532986884.947803,0
1532986884.964802,0
1532986884.982044,0
1532986884.998914,0
1532986885.015546,0
1532986885.032124,0
1532986885.048735,0
1532986885.065187,0
1532986885.082193,0
1532986885.098747,0
1532986885.115274,0
1532986885.131778,0
1532986885.148423,0
1532986885.164853,0
1532986885.181303,0
1532986885.197824,0
1532986885.214418,0
1532986885.230795,0
1532986885.247496,0
1532986885.264146,0
1532986885.280637,0
1532986885.297398,0
1532986885.314386,0
1532986885.331080,0
1532986885.347551,0
1532986885.363783,0
1532986885.380182,0
1532986885.397013,0
1532986885.413719,0
1532986885.430538,0
1532986885.447385,0
1532986885.463923,0
1532986885.480542,0
1532986885.497105,0
1532986885.513739,0
1532986885.530496,0
1532986885.546751,0
1532986885.563755,0
1532986885.580397,0
1532986885.598331,0
1532986885.614587,0
1532986885.630756,0
1532986885.647685,0
1532986885.664691,0
1532986885.681544,0
1532986885.698168,0
1532986885.714733,0
1532986885.732415,0
1532986885.749408,0
1532986885.765797,0
1532986885.782697,0
1532986885.799701,0
1532986885.816307,0
1532986885.832892,0
1532986885.849617,0
1532986885.866051,0
1532986885.882572,0
1532986885.899845,0
1532986885.916907,0
1532986885.933613,0
1532986885.950818,0
1532986885.967504,0
1532986885.983833,0
1532986886.000697,0
1532986886.018380,0
1532986886.035117,0
1532986886.053317,0
1532986886.071267,0
1532986886.087566,0
1532986886.104604,0
1532986886.121235,0
1532986886.138954,0
1532986886.155111,0
1532986886.172524,0
1532986886.188921,0
1532986886.206032,0
1532986886.222606,0
1532986886.240830,0
1532986886.258458,0
1532986886.275291,0
1532986886.292579,0
1532986886.308984,0
1532986886.325758,0
1532986886.342209,0
1532986886.360001,0
1532986886.376669,0
1532986886.393879,0
1532986886.410107,0
1532986886.426683,0
1532986886.443078,0
1532986886.459791,0
1532986886.476770,0
1532986886.494689,0
1532986886.511876,0
1532986886.529396,0
1532986886.547198,0
1532986886.563785,0
1532986886.580841,0
1532986886.598214,0
1532986886.615258,0
1532986886.633000,0
1532986886.650643,0
1532986886.668167,0
1532986886.685044,0
1532986886.702536,0
1532986886.720661,0
1532986886.738641,0
1532986886.756072,0
1532986886.773523,0
1532986886.791905,0
1532986886.810397,0
1532986886.827218,0
1532986886.846225,0
1532986886.864422,0
1532986886.883068,0
1532986886.901549,0
1532986886.918486,0
1532986886.937760,0
1532986886.980391,0
1532986887.022156,0
1532986887.068179,0
1532986887.091192,0
1532986887.108959,0
1532986887.127697,0
1532986887.144467,0
1532986887.161550,0
1532986887.178718,0
1532986887.195555,0
1532986887.212827,0
1532986887.229405,0
1532986887.246031,0
1532986887.263560,0
1532986887.280653,0
1532986887.297714,0
1532986887.316721,0
1532986887.335699,0
1532986887.353348,0
1532986887.370734,0
1532986887.387690,0
1532986887.404516,0
1532986887.421724,0
1532986887.438658,0
1532986887.455191,0
1532986887.472883,0
1532986887.489542,0
1532986887.506156,0
1532986887.523455,0
1532986887.540224,0
1532986887.556868,0
1532986887.573682,0
1532986887.591327,0
1532986887.608467,0
1532986887.650142,0
1532986887.697868,0
1532986887.733775,0
1532986887.754793,0
1532986887.777851,0
1532986887.800582,0
1532986887.823923,0
1532986887.845255,0
1532986887.866790,0
1532986887.888741,0
1532986887.910583,0
1532986887.933035,0
1532986887.949957,0
1532986887.967089,0
1532986887.984486,0
1532986888.001803,0
1532986888.021389,0
1532986888.040041,0
1532986888.057814,0
1532986888.076466,0
1532986888.095994,0
1532986888.113631,0
1532986888.130861,0
1532986888.148236,0
1532986888.166600,0
1532986888.184089,0
1532986888.201899,0
1532986888.219998,0
1532986888.239283,0
1532986888.258171,0
1532986888.275785,0
1532986888.294944,0
1532986888.313974,0
1532986888.333340,0
1532986888.350903,0
1532986888.368604,0
1532986888.386351,0
1532986888.404583,0
1532986888.422119,0
1532986888.439946,0
1532986888.457414,0
1532986888.475726,0
1532986888.492671,0
1532986888.509699,0
1532986888.527813,0
1532986888.545151,0
1532986888.562505,0
1532986888.579556,0
1532986888.596812,0
1532986888.615551,0
1532986888.633564,0
1532986888.652076,0
1532986888.669537,0
1532986888.688687,0
1532986888.706313,0
1532986888.724337,0
1532986888.741721,0
1532986888.758787,0
1532986888.775733,0
1532986888.792641,0
1532986888.809583,0
1532986888.826359,0
1532986888.844044,0
1532986888.861016,0
1532986888.877922,0
1532986888.924619,0
1532986888.960904,0
1532986888.988410,0
1532986889.016041,0
1532986889.036272,0
1532986889.055429,0
1532986889.073789,0
1532986889.092776,0
1532986889.113737,0
1532986889.134744,0
1532986889.155214,0
1532986889.175237,0
1532986889.194819,0
1532986889.214113,0
1532986889.233437,0
1532986889.252915,0
1532986889.272503,0
1532986889.292847,0
1532986889.312969,0
1532986889.332221,0
1532986889.352744,0
1532986889.371845,0
1532986889.392661,0
1532986889.413137,0
1532986889.432964,0
1532986889.453048,0
1532986889.472134,0
1532986889.492673,0
1532986889.511758,0
1532986889.554183,0
1532986889.597035,0
1532986889.637665,0
1532986889.678413,0
1532986889.704763,0
1532986889.724653,0
1532986889.744740,0
1532986889.763378,0
1532986889.783388,0
1532986889.803211,0
1532986889.823485,0
1532986889.842462,0
1532986889.863048,0
1532986889.883377,0
1532986889.905344,0
1532986889.923655,0
1532986889.942632,0
1532986889.962337,0
1532986889.984065,0
1532986890.004017,0
1532986890.025038,0
1532986890.045680,0
1532986890.065282,0
1532986890.085895,0
1532986890.106597,0
1532986890.125751,0
1532986890.144887,0
1532986890.164141,0
1532986890.185135,0
1532986890.203913,0
1532986890.224864,0
1532986890.243384,0
1532986890.262930,0
1532986890.282651,0
1532986890.302510,0
1532986890.321458,0
1532986890.341393,0
1532986890.360158,0
1532986890.378966,0
1532986890.397230,0
1532986890.416372,0
1532986890.435714,0
1532986890.454286,0
1532986890.473614,0
1532986890.492230,0
1532986890.510990,0
1532986890.529310,0
1532986890.547935,0
1532986890.566633,0
1532986890.588004,0
1532986890.608775,0
1532986890.628885,0
1532986890.649460,0
1532986890.668586,0
1532986890.689469,0
1532986890.708848,0
1532986890.728207,0
1532986890.747684,0
1532986890.767259,0
1532986890.787163,0
1532986890.807452,0
1532986890.827832,0
1532986890.846901,0
1532986890.866213,0
1532986890.885468,0
1532986890.904786,0
1532986890.924396,0
1532986890.943345,0
1532986890.963083,0
1532986890.983409,0
1532986891.003228,0
1532986891.022326,0
1532986891.040967,0
1532986891.059906,0
1532986891.079641,0
1532986891.099806,0
1532986891.118057,0
1532986891.139271,0
1532986891.158707,0
1532986891.180476,0
1532986891.201073,0
1532986891.221513,0
1532986891.241248,0
1532986891.262211,0
1532986891.282821,0
1532986891.301437,0
1532986891.319668,0
1532986891.337589,0
1532986891.358166,0
1532986891.376428,0
1532986891.395405,0
1532986891.413756,0
1532986891.432222,0
1532986891.450957,0
1532986891.469320,0
1532986891.488028,0
1532986891.504900,0
1532986891.521095,0
1532986891.537357,0
1532986891.553739,0
1532986891.570196,0
1532986891.586879,0
1532986891.603686,0
1532986891.619964,0
1532986891.636129,0
1532986891.652463,0
1532986891.669077,0
1532986891.685347,0
1532986891.701587,0
1532986891.718041,0
1532986891.734506,0
1532986891.750701,0
1532986891.767496,0
1532986891.784245,0
1532986891.800579,0
1532986891.816986,0
1532986891.833722,0
1532986891.850598,0
1532986891.866818,0
1532986891.884468,0
1532986891.902238,0
1532986891.919282,0
1532986891.936221,0
1532986891.953239,0
1532986891.970125,0
1532986891.986522,0
1532986892.003556,0
1532986892.020103,0
1532986892.036991,0
1532986892.054063,0
1532986892.071255,0
1532986892.087697,0
1532986892.104296,0
1532986892.121289,0
1532986892.137667,0
1532986892.154534,0
1532986892.171318,0
1532986892.187637,0
1532986892.203699,0
1532986892.220510,0
1532986892.237671,0
1532986892.254030,0
1532986892.270950,0
1532986892.287945,0
1532986892.306273,0
1532986892.322394,0
1532986892.340215,0
1532986892.356907,0
1532986892.373261,0
1532986892.389768,0
1532986892.406601,0
1532986892.423206,0
1532986892.439617,0
1532986892.456543,0
1532986892.475433,0
1532986892.493479,0
1532986892.511209,0
1532986892.529230,0
1532986892.547782,0
1532986892.564781,0
1532986892.582365,0
1532986892.599472,0
1532986892.616596,0
1532986892.634311,0
1532986892.652022,0
1532986892.669363,0
1532986892.686620,0
1532986892.704118,0
1532986892.721109,0
1532986892.738787,0
1532986892.756015,0
1532986892.772310,0
1532986892.789074,0
1532986892.805834,0
1532986892.822216,0
1532986892.838332,0
1532986892.855111,0
1532986892.871354,0
1532986892.887849,0
1532986892.904700,0
1532986892.922166,0
1532986892.939685,0
1532986892.956561,0
1532986892.973992,0
1532986892.990698,0
1532986893.007955,0
1532986893.025221,0
1532986893.044002,0
1532986893.062273,0
1532986893.080402,0
1532986893.097825,0
1532986893.116831,0
1532986893.134990,0
1532986893.152680,0
1532986893.170252,0
1532986893.187141,0
1532986893.204133,0
1532986893.222036,0
1532986893.240376,0
1532986893.259780,0
1532986893.277152,0
1532986893.294449,0
1532986893.313214,0
1532986893.331564,0
1532986893.351024,0
1532986893.368741,0
1532986893.387283,0
1532986893.405047,0
1532986893.422918,0
1532986893.440783,0
1532986893.458912,0
1532986893.476089,0
1532986893.493152,0
1532986893.509812,0
1532986893.526387,0
1532986893.543109,0
1532986893.559616,0
1532986893.576257,0
1532986893.593063,0
1532986893.609606,0
1532986893.625888,0
1532986893.642960,0
1532986893.659709,0
1532986893.676767,0
1532986893.694000,0
1532986893.710987,0
1532986893.728216,0
1532986893.745199,0
1532986893.764185,0
1532986893.783372,0
1532986893.801876,0
1532986893.819548,0
1532986893.836362,0
1532986893.854777,0
1532986893.873147,0
1532986893.891045,0
1532986893.908297,0
1532986893.925695,0
1532986893.942563,0
1532986893.960473,0
1532986893.977167,0
1532986893.994013,0
1532986894.010747,0
1532986894.027637,0
1532986894.044744,0
1532986894.062292,0
1532986894.079530,0
1532986894.098421,0
1532986894.115902,0
1532986894.134153,0
1532986894.152063,0
1532986894.169171,0
1532986894.187004,0
1532986894.205470,0
1532986894.224499,0
1532986894.241671,0
1532986894.259954,0
1532986894.276795,0
1532986894.293952,0
1532986894.311410,0
1532986894.330033,0
1532986894.347716,0
1532986894.365490,0
1532986894.383517,0
1532986894.400364,0
1532986894.417196,0
1532986894.434203,0
1532986894.450883,0
1532986894.468830,0
1532986894.485688,0
1532986894.502551,0
1532986894.519685,0
1532986894.536432,0
1532986894.553524,0
1532986894.572115,0
1532986894.589564,0
1532986894.608776,0
1532986894.627163,0
1532986894.645199,0
1532986894.663274,0
1532986894.680145,0
1532986894.697386,0
1532986894.716217,0
1532986894.734973,0
1532986894.752256,0
1532986894.770143,0
1532986894.788447,0
1532986894.806394,0
1532986894.825284,0
1532986894.842740,0
1532986894.860110,0
1532986894.877061,0
1532986894.893890,0
1532986894.911026,0
1532986894.927690,0
1532986894.945970,0
1532986894.962524,0
1532986894.979943,0
1532986894.997041,0
1532986895.015873,0
1532986895.056133,0
1532986895.102549,0
1532986895.145574,0
1532986895.174209,0
1532986895.202016,0
1532986895.233097,0
1532986895.260279,0
1532986895.281217,0
1532986895.298226,0
1532986895.315383,0
1532986895.333398,0
1532986895.350408,0
1532986895.368226,0
1532986895.385410,0
1532986895.402697,0
1532986895.419691,0
1532986895.436720,0
1532986895.453926,0
1532986895.471191,0
1532986895.488657,0
1532986895.506599,0
1532986895.523289,0
1532986895.540605,0
1532986895.557838,0
1532986895.574928,0
1532986895.592301,0
1532986895.609552,0
1532986895.626813,0
1532986895.643888,0
1532986895.661260,0
1532986895.678587,0
1532986895.696438,0
1532986895.714033,0
1532986895.731136,0
1532986895.748839,0
1532986895.766358,0
1532986895.783183,0
1532986895.800263,0
1532986895.817584,0
1532986895.834690,0
1532986895.852777,0
1532986895.869743,0
1532986895.886761,0
1532986895.903989,0
1532986895.921273,0
1532986895.939406,0
1532986895.956751,0
1532986895.973584,0
1532986895.990297,0
1532986896.008756,0
1532986896.025850,0
1532986896.042969,0
1532986896.060639,0
1532986896.079348,0
1532986896.097991,0
1532986896.116833,0
1532986896.134069,0
1532986896.152472,0
1532986896.171667,0
1532986896.188838,0
1532986896.205973,0
1532986896.222658,0
1532986896.240107,0
1532986896.257476,0
1532986896.274481,0
1532986896.292038,0
1532986896.309526,0
1532986896.327094,0
1532986896.344145,0
1532986896.361255,0
1532986896.378929,0
1532986896.396546,0
1532986896.413998,0
1532986896.431698,0
1532986896.449238,0
1532986896.466685,0
1532986896.483436,0
1532986896.500600,0
1532986896.517835,0
1532986896.534888,0
1532986896.552370,0
1532986896.569794,0
1532986896.586784,0
1532986896.603797,0
1532986896.621769,0
1532986896.638432,0
1532986896.655333,0
1532986896.672512,0
1532986896.689066,0
1532986896.705736,0
1532986896.722413,0
1532986896.739245,0
1532986896.756140,0
1532986896.772788,0
1532986896.789370,0
1532986896.806016,0
1532986896.822800,0
1532986896.839335,0
1532986896.855633,0
1532986896.871969,0
1532986896.888574,0
1532986896.905325,0
1532986896.921716,0
1532986896.938109,0
1532986896.954697,0
1532986896.971273,0
1532986896.987836,0
1532986897.006218,0
1532986897.022973,0
1532986897.039907,0
1532986897.056586,0
1532986897.075029,0
1532986897.093299,0
1532986897.111848,0
1532986897.129632,0
1532986897.146412,0
1532986897.162399,0
1532986897.178816,0
1532986897.195844,0
1532986897.213047,0
1532986897.229704,0
1532986897.246428,0
1532986897.263411,0
1532986897.280901,0
1532986897.297832,0
1532986897.315366,0
1532986897.332339,0
1532986897.349215,0
1532986897.365873,0
1532986897.382652,0
1532986897.399531,0
1532986897.416268,0
1532986897.433413,0
1532986897.450851,0
1532986897.468212,0
1532986897.485137,0
1532986897.502534,0
1532986897.519777,0
1532986897.536975,0
1532986897.554400,0
1532986897.571597,0
1532986897.589044,0
1532986897.605750,0
1532986897.622428,0
1532986897.640523,0
1532986897.658595,0
1532986897.675159,0
1532986897.692288,0
1532986897.709315,0
1532986897.726165,0
1532986897.743200,0
1532986897.760105,0
1532986897.776759,0
1532986897.793093,0
1532986897.809922,0
1532986897.826962,0
1532986897.844936,0
1532986897.862991,0
1532986897.880108,0
1532986897.898487,0
1532986897.915187,0
1532986897.932029,0
1532986897.949101,0
1532986897.966172,0
1532986897.983115,0
1532986897.999682,0
1532986898.016419,0
1532986898.033488,0
1532986898.050111,0
1532986898.068880,0
1532986898.086193,0
1532986898.103198,0
1532986898.120570,0
1532986898.139715,0
1532986898.158888,0
1532986898.175947,0
1532986898.192983,0
1532986898.210508,0
1532986898.229596,0
1532986898.247370,0
1532986898.265785,0
1532986898.282830,0
1532986898.300199,0
1532986898.319013,0
1532986898.336020,0
1532986898.353354,0
1532986898.369985,0
1532986898.386910,0
1532986898.403831,0
1532986898.420883,0
1532986898.439667,0
1532986898.456752,0
1532986898.473950,0
1532986898.490797,0
1532986898.507845,0
1532986898.526775,0
1532986898.545565,0
1532986898.563830,0
1532986898.582986,0
1532986898.601166,0
1532986898.618458,0
1532986898.635720,0
1532986898.653753,0
1532986898.672194,0
1532986898.691209,0
1532986898.709863,0
1532986898.729769,0
1532986898.749102,0
1532986898.768487,0
1532986898.787305,0
1532986898.806258,0
1532986898.824902,0
1532986898.843123,0
1532986898.860737,0
1532986898.879632,0
1532986898.897996,0
1532986898.917821,0
1532986898.936619,0
1532986898.955535,0
1532986898.974126,0
1532986898.992110,0
1532986899.010528,0
1532986899.029151,0
1532986899.047252,0
1532986899.065492,0
1532986899.083182,0
1532986899.100945,0
1532986899.118766,0
1532986899.137102,0
1532986899.155207,0
1532986899.172871,0
1532986899.190303,0
1532986899.208004,0
1532986899.225666,0
1532986899.243735,0
1532986899.262239,0
1532986899.279933,0
1532986899.298016,0
1532986899.318044,0
1532986899.336551,0
1532986899.354380,0
1532986899.370779,0
1532986899.388877,0
1532986899.405568,0
1532986899.422953,0
1532986899.440054,0
1532986899.456743,0
1532986899.473304,0
1532986899.490028,0
1532986899.506749,0
1532986899.523309,0
1532986899.539794,0
1532986899.556854,0
1532986899.573629,0
1532986899.590239,0
1532986899.606739,0
1532986899.623555,0
1532986899.639749,0
1532986899.656244,0
1532986899.672498,0
1532986899.689295,0
1532986899.706026,0
1532986899.723362,0
1532986899.739867,0
1532986899.756742,0
1532986899.773956,0
1532986899.790657,0
1532986899.807582,0
1532986899.823951,0
1532986899.840985,0
1532986899.857508,0
1532986899.873658,0
1532986899.889955,0
1532986899.906667,0
1532986899.923083,0
1532986899.939329,0
1532986899.956149,0
1532986899.973205,0
1532986899.990152,0
1532986900.007950,0
1532986900.025820,0
1532986900.042800,0
1532986900.059712,0
1532986900.076539,0
1532986900.092848,0
1532986900.110022,0
1532986900.127764,0
1532986900.144082,0
1532986900.161286,0
1532986900.177598,0
1532986900.194025,0
1532986900.210524,0
1532986900.227246,0
1532986900.244775,0
1532986900.261040,0
1532986900.277713,0
1532986900.294240,0
1532986900.310464,0
1532986900.327211,0
1532986900.344133,0
1532986900.360706,0
1532986900.377749,0
1532986900.394512,0
1532986900.413066,0
1532986900.430747,0
1532986900.448867,0
1532986900.466954,0
1532986900.485254,0
1532986900.502239,0
1532986900.520656,0
1532986900.537567,0
1532986900.554574,0
1532986900.573029,0
1532986900.591309,0
1532986900.609490,0
1532986900.628076,0
1532986900.647262,0
1532986900.666658,0
1532986900.686529,0
1532986900.705164,0
1532986900.724521,0
1532986900.743219,0
1532986900.762099,0
1532986900.781237,0
1532986900.800011,0
1532986900.818624,0
1532986900.837354,0
1532986900.856585,0
1532986900.875151,0
1532986900.894378,0
1532986900.912758,0
1532986900.931701,0
1532986900.950566,0
1532986900.969002,0
1532986900.987470,0
1532986901.005682,0
1532986901.024365,0
1532986901.042865,0
1532986901.061206,0
1532986901.084008,0
1532986901.102048,0
1532986901.120187,0
1532986901.137517,0
1532986901.155029,0
1532986901.172807,0
1532986901.189667,0
1532986901.207174,0
1532986901.224124,0
1532986901.240849,0
1532986901.258105,0
1532986901.275690,0
1532986901.293182,0
1532986901.312359,0
1532986901.329194,0
1532986901.347641,0
1532986901.364286,0
1532986901.383882,0
1532986901.403144,0
1532986901.421555,0
1532986901.439739,0
1532986901.457765,0
1532986901.475040,0
1532986901.493150,0
1532986901.511740,0
1532986901.528920,0
1532986901.547984,0
1532986901.567663,0
1532986901.586662,0
1532986901.605085,0
1532986901.621767,0
1532986901.641071,0
1532986901.659737,0
1532986901.677469,0
1532986901.695572,0
1532986901.713940,0
1532986901.731627,0
1532986901.749506,0
1532986901.768755,0
1532986901.785993,0
1532986901.802945,0
1532986901.820342,0
1532986901.837996,0
1532986901.856836,0
1532986901.874007,0
1532986901.891786,0
1532986901.909540,0
1532986901.928290,0
1532986901.946711,0
1532986901.965169,0
1532986901.982665,0
1532986902.001869,0
1532986902.021537,0
1532986902.040481,0
1532986902.058857,0
1532986902.076590,0
1532986902.094318,0
1532986902.112234,0
1532986902.130097,0
1532986902.147469,0
1532986902.165648,0
1532986902.182825,0
1532986902.200065,0
1532986902.217149,0
1532986902.234011,0
1532986902.250878,0
1532986902.269174,0
1532986902.286135,0
1532986902.303476,0
1532986902.320417,0
1532986902.337155,0
1532986902.355616,0
1532986902.372256,0
1532986902.388999,0
1532986902.406012,0
1532986902.424977,0
1532986902.442078,0
1532986902.461508,0
1532986902.481427,0
1532986902.500543,0
1532986902.519841,0
1532986902.538468,0
1532986902.555362,0
1532986902.574580,0
1532986902.591951,0
1532986902.609417,0
1532986902.627449,0
1532986902.644904,0
1532986902.661805,0
1532986902.679860,0
1532986902.699185,0
1532986902.717771,0
1532986902.734742,0
1532986902.753911,0
1532986902.774401,0
1532986902.791597,0
1532986902.832831,0
1532986902.871652,0
1532986902.909816,0
1532986902.934635,0
1532986902.958351,0
1532986902.981994,0
1532986903.004295,0
1532986903.027295,0
1532986903.048807,0
1532986903.070109,0
1532986903.090894,0
1532986903.114421,0
1532986903.135831,0
1532986903.158041,0
1532986903.181217,0
1532986903.202729,0
1532986903.226282,0
1532986903.248038,0
1532986903.292199,0
1532986903.327901,0
1532986903.351812,0
1532986903.375539,0
1532986903.399901,0
1532986903.422376,0
1532986903.446054,0
1532986903.470695,0
1532986903.493052,0
1532986903.517282,0
1532986903.539461,0
1532986903.561612,0
1532986903.583392,0
1532986903.605542,0
1532986903.628378,0
1532986903.651635,0
1532986903.673355,0
1532986903.694530,0
1532986903.716082,0
1532986903.736900,0
1532986903.758109,0
1532986903.779570,0
1532986903.800942,0
1532986903.822737,0
1532986903.844007,0
1532986903.867181,0
1532986903.890924,0
1532986903.916028,0
1532986903.937396,0
1532986903.958912,0
1532986903.981681,0
1532986904.006649,0
1532986904.027878,0
1532986904.046432,0
1532986904.065322,0
1532986904.083737,0
1532986904.104443,0
1532986904.124233,0
1532986904.143571,0
1532986904.163119,0
1532986904.179686,0
1532986904.196278,0
1532986904.212785,0
1532986904.229398,0
1532986904.246260,0
1532986904.262862,0
1532986904.279421,0
1532986904.296801,0
1532986904.314083,0
1532986904.330572,0
1532986904.347143,0
1532986904.363855,0
1532986904.381169,0
1532986904.397861,0
1532986904.415114,0
1532986904.431636,0
1532986904.448082,0
1532986904.464945,0
1532986904.481593,0
1532986904.517461,0
1532986904.543929,0
1532986904.573244,0
1532986904.595907,0
1532986904.616079,0
1532986904.635272,0
1532986904.653928,0
1532986904.672372,0
1532986904.690632,0
1532986904.709433,0
1532986904.727809,0
1532986904.747141,0
1532986904.765533,0
1532986904.784527,0
1532986904.801721,0
1532986904.818090,0
1532986904.834366,0
1532986904.850472,0
1532986904.866707,0
1532986904.883554,0
1532986904.899803,0
1532986904.916809,0
1532986904.934020,0
1532986904.950278,0
1532986904.967134,0
1532986904.984432,0
1532986905.002899,0
1532986905.019923,0
1532986905.036891,0
1532986905.053183,0
1532986905.069320,0
1532986905.086407,0
1532986905.102831,0
1532986905.120956,0
1532986905.137390,0
1532986905.154081,0
1532986905.170620,0
1532986905.187658,0
1532986905.204408,0
1532986905.220691,0
1532986905.237116,0
1532986905.254367,0
1532986905.273043,0
1532986905.290255,0
1532986905.307400,0
1532986905.325126,0
1532986905.342142,0
1532986905.359598,0
1532986905.375846,0
1532986905.393703,0
1532986905.410876,0
1532986905.427460,0
1532986905.443860,0
1532986905.460986,0
1532986905.478812,0
1532986905.496042,0
1532986905.513348,0
1532986905.531082,0
1532986905.547351,0
1532986905.565419,0
1532986905.583678,0
1532986905.602427,0
1532986905.620056,0
1532986905.636231,0
1532986905.653426,0
1532986905.671282,0
1532986905.687579,0
1532986905.704135,0
1532986905.720809,0
1532986905.737653,0
1532986905.755352,0
1532986905.771898,0
1532986905.788910,0
1532986905.806844,0
1532986905.823980,0
1532986905.840987,0
1532986905.858402,0
1532986905.875716,0
1532986905.893306,0
1532986905.910917,0
1532986905.927881,0
1532986905.945038,0
1532986905.961686,0
1532986905.978378,0
1532986905.995246,0
1532986906.012255,0
1532986906.028733,0
1532986906.045504,0
1532986906.061824,0
1532986906.078105,0
1532986906.094226,0
1532986906.111093,0
1532986906.127972,0
1532986906.144462,0
1532986906.160886,0
1532986906.178119,0
1532986906.195662,0
1532986906.212751,0
1532986906.229880,0
1532986906.246690,0
1532986906.264508,0
1532986906.283455,0
1532986906.299855,0
1532986906.317691,0
1532986906.335448,0
1532986906.352845,0
1532986906.369932,0
1532986906.387421,0
1532986906.403869,0
1532986906.422002,0
1532986906.439508,0
1532986906.456314,0
1532986906.473432,0
1532986906.491308,0
1532986906.508291,0
1532986906.525565,0
1532986906.543123,0
1532986906.561451,0
1532986906.578625,0
1532986906.595081,0
1532986906.612541,0
1532986906.629997,0
1532986906.647457,0
1532986906.664319,0
1532986906.681673,0
1532986906.698944,0
1532986906.715644,0
1532986906.732239,0
1532986906.749000,0
1532986906.765722,0
1532986906.782594,0
1532986906.799349,0
1532986906.815628,0
1532986906.831953,0
1532986906.848871,0
1532986906.865314,0
1532986906.881978,0
1532986906.900229,0
1532986906.916844,0
1532986906.934848,0
1532986906.951407,0
1532986906.968326,0
1532986906.985056,0
1532986907.001885,0
1532986907.020197,0
1532986907.037221,0
1532986907.053488,0
1532986907.069835,0
1532986907.086671,0
1532986907.103733,0
1532986907.121138,0
1532986907.138420,0
1532986907.154856,0
1532986907.172762,0
1532986907.189421,0
1532986907.206676,0
1532986907.223933,0
1532986907.241163,0
1532986907.258189,0
1532986907.274993,0
1532986907.293100,0
1532986907.311373,0
1532986907.328561,0
1532986907.345457,0
1532986907.362131,0
1532986907.379105,0
1532986907.396989,0
1532986907.414914,0
1532986907.434529,0
1532986907.453748,0
1532986907.471566,0
1532986907.489312,0
1532986907.506698,0
1532986907.524687,0
1532986907.543900,0
1532986907.561637,0
1532986907.578965,0
1532986907.596988,0
1532986907.615553,0
1532986907.633814,0
1532986907.652978,0
1532986907.670605,0
1532986907.688839,0
1532986907.707376,0
1532986907.725958,0
1532986907.744443,0
1532986907.762790,0
1532986907.780255,0
1532986907.798425,0
1532986907.816243,0
1532986907.834985,0
1532986907.853320,0
1532986907.872566,0
1532986907.891091,0
1532986907.910560,0
1532986907.932161,0
1532986907.950537,0
1532986907.970126,0
1532986907.988073,0
1532986908.007013,0
1532986908.024540,0
1532986908.044480,0
1532986908.062475,0
1532986908.082414,0
1532986908.102310,0
1532986908.121268,0
1532986908.140020,0
1532986908.159138,0
1532986908.177223,0
1532986908.221883,0
1532986908.263963,0
1532986908.301516,0
1532986908.330321,0
1532986908.357265,0
1532986908.386395,0
1532986908.415304,0
1532986908.442893,0
1532986908.468644,0
1532986908.486259,0
1532986908.503243,0
1532986908.519994,0
1532986908.537071,0
1532986908.554133,0
1532986908.571247,0
1532986908.588914,0
1532986908.606740,0
1532986908.624732,0
1532986908.641908,0
1532986908.658916,0
1532986908.675972,0
1532986908.693137,0
1532986908.710029,0
1532986908.726863,0
1532986908.744203,0
1532986908.761237,0
1532986908.778931,0
1532986908.796332,0
1532986908.813458,0
1532986908.830854,0
1532986908.872113,0
1532986908.899801,0
1532986908.926264,0
1532986908.952279,0
1532986908.978957,0
1532986909.003735,0
1532986909.023510,0
1532986909.042583,0
1532986909.061570,0
1532986909.081762,0
1532986909.100273,0
1532986909.120066,0
1532986909.139662,0
1532986909.158503,0
1532986909.177300,0
1532986909.195899,0
1532986909.214600,0
1532986909.233303,0
1532986909.251715,0
1532986909.270659,0
1532986909.288787,0
1532986909.308036,0
1532986909.328043,0
1532986909.348314,0
1532986909.379274,0
1532986909.402849,0
1532986909.426144,0
1532986909.450369,0
1532986909.473767,0
1532986909.496702,0
1532986909.520710,0
1532986909.545704,0
1532986909.569419,0
1532986909.593270,0
1532986909.616894,0
1532986909.640201,0
1532986909.662820,0
1532986909.682959,0
1532986909.702345,0
1532986909.723111,0
1532986909.742340,0
1532986909.763558,0
1532986909.784113,0
1532986909.803663,0
1532986909.823776,0
1532986909.846379,0
1532986909.866539,0
1532986909.888207,0
1532986909.908294,0
1532986909.929433,0
1532986909.950716,0
1532986909.971340,0
1532986909.991152,0
1532986910.010672,0
1532986910.031426,0
1532986910.049529,0
1532986910.067674,0
1532986910.085111,0
1532986910.103388,0
1532986910.121506,0
1532986910.139319,0
1532986910.157177,0
1532986910.175566,0
1532986910.193285,0
1532986910.211442,0
1532986910.229073,0
1532986910.247333,0
1532986910.265337,0
1532986910.283203,0
1532986910.301430,0
1532986910.318976,0
1532986910.336983,0
1532986910.354301,0
1532986910.372142,0
1532986910.389516,0
1532986910.407689,0
1532986910.425529,0
1532986910.444239,0
1532986910.462722,0
1532986910.481014,0
1532986910.499020,0
1532986910.517604,0
1532986910.536579,0
1532986910.554777,0
1532986910.574132,0
1532986910.592111,0
1532986910.611736,0
1532986910.629600,0
1532986910.646647,0
1532986910.664073,0
1532986910.684507,0
1532986910.702558,0
1532986910.721316,0
1532986910.740153,0
1532986910.759987,0
1532986910.779991,0
1532986910.799522,0
1532986910.817172,0
1532986910.836707,0
1532986910.854501,0
1532986910.872946,0
1532986910.891446,0
1532986910.910098,0
1532986910.927741,0
1532986910.947626,0
1532986910.965905,0
1532986910.984700,0
1532986911.003256,0
1532986911.022311,0
1532986911.040888,0
1532986911.059374,0
1532986911.079442,0
1532986911.099210,0
1532986911.117530,0
1532986911.135746,0
1532986911.155925,0
1532986911.176644,0
1532986911.195034,0
1532986911.214771,0
1532986911.234468,0
1532986911.254284,0
1532986911.273834,0
1532986911.292872,0
1532986911.312229,0
1532986911.330190,0
1532986911.348724,0
1532986911.367742,0
1532986911.385461,0
1532986911.403677,0
1532986911.421915,0
1532986911.441652,0
1532986911.459714,0
1532986911.477227,0
1532986911.494952,0
1532986911.512179,0
1532986911.529841,0
1532986911.548162,0
1532986911.565258,0
1532986911.583330,0
1532986911.600796,0
1532986911.619172,0
1532986911.636490,0
1532986911.656442,0
1532986911.675910,0
1532986911.694135,0
1532986911.713375,0
1532986911.731320,0
1532986911.750438,0
1532986911.768787,0
1532986911.787623,0
1532986911.805812,0
1532986911.824366,0
1532986911.843488,0
1532986911.861853,0
1532986911.880544,0
1532986911.898975,0
1532986911.916802,0
1532986911.936521,0
1532986911.955784,0
1532986911.975252,0
1532986911.994388,0
1532986912.012259,0
1532986912.029959,0
1532986912.047820,0
1532986912.066463,0
1532986912.085208,0
1532986912.102948,0
1532986912.120428,0
1532986912.137224,0
1532986912.153417,0
1532986912.169952,0
1532986912.186236,0
1532986912.202531,0
1532986912.218580,0
1532986912.234665,0
1532986912.250859,0
1532986912.266609,0
1532986912.283132,0
1532986912.299316,0
1532986912.315594,0
1532986912.332448,0
1532986912.348754,0
1532986912.364908,0
1532986912.381732,0
1532986912.397737,0
1532986912.413881,0
1532986912.430276,0
1532986912.446748,0
1532986912.463004,0
1532986912.480086,0
1532986912.496234,0
1532986912.512576,0
1532986912.528856,0
1532986912.544985,0
1532986912.561073,0
1532986912.577847,0
1532986912.594041,0
1532986912.610647,0
1532986912.626843,0
1532986912.642906,0
1532986912.659253,0
1532986912.675710,0
1532986912.692120,0
1532986912.709265,0
1532986912.725702,0
1532986912.742028,0
1532986912.758519,0
1532986912.774580,0
1532986912.790885,0
1532986912.806928,0
1532986912.822865,0
1532986912.838721,0
1532986912.855049,0
1532986912.871606,0
1532986912.889249,0
1532986912.905299,0
1532986912.923302,0
1532986912.939356,0
1532986912.955612,0
1532986912.971809,0
1532986912.988082,0
1532986913.004246,0
1532986913.022061,0
1532986913.039843,0
1532986913.057600,0
1532986913.075173,0
1532986913.091331,0
1532986913.108107,0
1532986913.124342,0
1532986913.140834,0
1532986913.157715,0
1532986913.174286,0
1532986913.191063,0
1532986913.207176,0
1532986913.223434,0
1532986913.239993,0
1532986913.256274,0
1532986913.273259,0
1532986913.290104,0
1532986913.306164,0
1532986913.323133,0
1532986913.339336,0
1532986913.355998,0
1532986913.372270,0
1532986913.388582,0
1532986913.406146,0
1532986913.423297,0
1532986913.441772,0
1532986913.458488,0
1532986913.476016,0
1532986913.493681,0
1532986913.512093,0
1532986913.530226,0
1532986913.548147,0
1532986913.566051,0
1532986913.583519,0
1532986913.601296,0
1532986913.618878,0
1532986913.636361,0
1532986913.654041,0
1532986913.671209,0
1532986913.688244,0
1532986913.705806,0
1532986913.722345,0
1532986913.739362,0
1532986913.755904,0
1532986913.773670,0
1532986913.791736,0
1532986913.808423,0
1532986913.824901,0
1532986913.841501,0
1532986913.858351,0
1532986913.876036,0
1532986913.894613,0
1532986913.912593,0
1532986913.929620,0
1532986913.947129,0
1532986913.965046,0
1532986913.983698,0
1532986914.002415,0
1532986914.019902,0
1532986914.036895,0
1532986914.054190,0
1532986914.071218,0
1532986914.088062,0
1532986914.105088,0
1532986914.122878,0
1532986914.139453,0
1532986914.156688,0
1532986914.173937,0
1532986914.191891,0
1532986914.209030,0
1532986914.227329,0
1532986914.244073,0
1532986914.260420,0
1532986914.277075,0
1532986914.293752,0
1532986914.310975,0
1532986914.328580,0
1532986914.345527,0
1532986914.363350,0
1532986914.379627,0
1532986914.396772,0
1532986914.415362,0
1532986914.433790,0
1532986914.452338,0
1532986914.470769,0
1532986914.488287,0
1532986914.505888,0
1532986914.523016,0
1532986914.539817,0
1532986914.556933,0
1532986914.575246,0
1532986914.591734,0
1532986914.608361,0
1532986914.624933,0
1532986914.642560,0
1532986914.658760,0
1532986914.675207,0
1532986914.692238,0
1532986914.709108,0
1532986914.726645,0
1532986914.743429,0
1532986914.760782,0
1532986914.778358,0
1532986914.795890,0
1532986914.814272,0
1532986914.832422,0
1532986914.850953,0
1532986914.868894,0
1532986914.886568,0
1532986914.904541,0
1532986914.921834,0
1532986914.938315,0
1532986914.956196,0
1532986914.976250,0
1532986914.995213,0
1532986915.014452,0
1532986915.033094,0
1532986915.050921,0
1532986915.068823,0
1532986915.086521,0
1532986915.104185,0
1532986915.123323,0
1532986915.141380,0
1532986915.160084,0
1532986915.179747,0
1532986915.199008,0
1532986915.217298,0
1532986915.234901,0
1532986915.253456,0
1532986915.271395,0
1532986915.289989,0
1532986915.309377,0
1532986915.328049,0
1532986915.346996,0
1532986915.366382,0
1532986915.384919,0
1532986915.426377,0
1532986915.468672,0
1532986915.509931,0
1532986915.538412,0
1532986915.567155,0
1532986915.596285,0
1532986915.616230,0
1532986915.633367,0
1532986915.649375,0
1532986915.665846,0
1532986915.681745,0
1532986915.699896,0
1532986915.716551,0
1532986915.733760,0
1532986915.750809,0
1532986915.768545,0
1532986915.784937,0
1532986915.802385,0
1532986915.819018,0
1532986915.836812,0
1532986915.853626,0
1532986915.870914,0
1532986915.889842,0
1532986915.907876,0
1532986915.925815,0
1532986915.943900,0
1532986915.962137,0
1532986915.981245,0
1532986915.998791,0
1532986916.016644,0
1532986916.033443,0
1532986916.051261,0
1532986916.069850,0
1532986916.087413,0
1532986916.105201,0
1532986916.122592,0
1532986916.141030,0
1532986916.159638,0
1532986916.177670,0
1532986916.196144,0
1532986916.213748,0
1532986916.230559,0
1532986916.247754,0
1532986916.264637,0
1532986916.281609,0
1532986916.299386,0
1532986916.316588,0
1532986916.334928,0
1532986916.352334,0
1532986916.369582,0
1532986916.387473,0
1532986916.405257,0
1532986916.423259,0
1532986916.440460,0
1532986916.458062,0
1532986916.476147,0
1532986916.495001,0
1532986916.512671,0
1532986916.529443,0
1532986916.547455,0
1532986916.564511,0
1532986916.581493,0
1532986916.598206,0
1532986916.615649,0
1532986916.632759,0
1532986916.650213,0
1532986916.668301,0
1532986916.686106,0
1532986916.703278,0
1532986916.720191,0
1532986916.737765,0
1532986916.754787,0
1532986916.772294,0
1532986916.790235,0
1532986916.807802,0
1532986916.825516,0
1532986916.843405,0
1532986916.860701,0
1532986916.877337,0
1532986916.893991,0
1532986916.912260,0
1532986916.929774,0
1532986916.947186,0
1532986916.964731,0
1532986916.982880,0
1532986917.001422,0
1532986917.018708,0
1532986917.035885,0
1532986917.053913,0
1532986917.071944,0
1532986917.090354,0
1532986917.108114,0
1532986917.126533,0
1532986917.145030,0
1532986917.161780,0
1532986917.178496,0
1532986917.195087,0
1532986917.212307,0
1532986917.229200,0
1532986917.245957,0
1532986917.263019,0
1532986917.279601,0
1532986917.298595,0
1532986917.316168,0
1532986917.333687,0
1532986917.352730,0
1532986917.370952,0
1532986917.390527,0
1532986917.409118,0
1532986917.427407,0
1532986917.445704,0
1532986917.464340,0
1532986917.482658,0
1532986917.500146,0
1532986917.517682,0
1532986917.536294,0
1532986917.553264,0
1532986917.570562,0
1532986917.588091,0
1532986917.605642,0
1532986917.622466,0
1532986917.639188,0
1532986917.656390,0
1532986917.674487,0
1532986917.691821,0
1532986917.708379,0
1532986917.724986,0
1532986917.741511,0
1532986917.757843,0
1532986917.774798,0
1532986917.791749,0
1532986917.808054,0
1532986917.824978,0
1532986917.841713,0
1532986917.858626,0
1532986917.876688,0
1532986917.894037,0
1532986917.911799,0
1532986917.928806,0
1532986917.946411,0
1532986917.964485,0
1532986917.982024,0
1532986918.000390,0
1532986918.018315,0
1532986918.036197,0
1532986918.054377,0
1532986918.071745,0
1532986918.089291,0
1532986918.106679,0
1532986918.124032,0
1532986918.140948,0
1532986918.158982,0
1532986918.175551,0
1532986918.193833,0
1532986918.211317,0
1532986918.229151,0
1532986918.248018,0
1532986918.266614,0
1532986918.284968,0
1532986918.303380,0
1532986918.321586,0
1532986918.338303,0
1532986918.356648,0
1532986918.373789,0
1532986918.390905,0
1532986918.408872,0
1532986918.425789,0
1532986918.443645,0
1532986918.461392,0
1532986918.479834,0
1532986918.497854,0
1532986918.516366,0
1532986918.535003,0
1532986918.553584,0
1532986918.571914,0
1532986918.589632,0
1532986918.608536,0
1532986918.625638,0
1532986918.642694,0
1532986918.659976,0
1532986918.677993,0
1532986918.696939,0
1532986918.714410,0
1532986918.733540,0
1532986918.752273,0
1532986918.769616,0
1532986918.788336,0
1532986918.805787,0
1532986918.824767,0
1532986918.842832,0
1532986918.860635,0
1532986918.877828,0
1532986918.896316,0
1532986918.914896,0
1532986918.933628,0
1532986918.951734,0
1532986918.968924,0
1532986918.987580,0
1532986919.005540,0
1532986919.024023,0
1532986919.041347,0
1532986919.059443,0
1532986919.077726,0
1532986919.094691,0
1532986919.113651,0
1532986919.130980,0
1532986919.148011,0
1532986919.165044,0
1532986919.183529,0
1532986919.200847,0
1532986919.217919,0
1532986919.236432,0
1532986919.254383,0
1532986919.271943,0
1532986919.290124,0
1532986919.307555,0
1532986919.324983,0
1532986919.341777,0
1532986919.358788,0
1532986919.375846,0
1532986919.392851,0
1532986919.409860,0
1532986919.426441,0
1532986919.443790,0
1532986919.461801,0
1532986919.478681,0
1532986919.495951,0
1532986919.512648,0
1532986919.529644,0
1532986919.546561,0
1532986919.564294,0
1532986919.581470,0
1532986919.598032,0
1532986919.615065,0
1532986919.633969,0
1532986919.651048,0
1532986919.669324,0
1532986919.686059,0
1532986919.703421,0
1532986919.721381,0
1532986919.739128,0
1532986919.758237,0
1532986919.775707,0
1532986919.793580,0
1532986919.812085,0
1532986919.830389,0
1532986919.848934,0
1532986919.867660,0
1532986919.885956,0
1532986919.903553,0
1532986919.921453,0
1532986919.939338,0
1532986919.956737,0
1532986919.974519,0
1532986919.991526,0
1532986920.011693,0
1532986920.029733,0
1532986920.047777,0
1532986920.064317,0
1532986920.080891,0
1532986920.097355,0
1532986920.113717,0
1532986920.130984,0
1532986920.147632,0
1532986920.164192,0
1532986920.181478,0
1532986920.198021,0
1532986920.217115,0
1532986920.234272,0
1532986920.251842,0
1532986920.269395,0
1532986920.286839,0
1532986920.304587,0
1532986920.321926,0
1532986920.339634,0
1532986920.358091,0
1532986920.377134,0
1532986920.396492,0
1532986920.414782,0
1532986920.433152,0
1532986920.450827,0
1532986920.469050,0
1532986920.485915,0
1532986920.503439,0
1532986920.521077,0
1532986920.538167,0
1532986920.554829,0
1532986920.571785,0
1532986920.589068,0
1532986920.605798,0
1532986920.622881,0
1532986920.639337,0
1532986920.657790,0
1532986920.674569,0
1532986920.693255,0
1532986920.712228,0
1532986920.730318,0
1532986920.748814,0
1532986920.767053,0
1532986920.785608,0
1532986920.803905,0
1532986920.821428,0
1532986920.838359,0
1532986920.855857,0
1532986920.874635,0
1532986920.893189,0
1532986920.911954,0
1532986920.929319,0
1532986920.947421,0
1532986920.964314,0
1532986920.983659,0
1532986921.001830,0
1532986921.019848,0
1532986921.036787,0
1532986921.053568,0
1532986921.071410,0
1532986921.111232,0
1532986921.151551,0
1532986921.181736,0
1532986921.204688,0
1532986921.227038,0
1532986921.249477,0
1532986921.272337,0
1532986921.296927,0
1532986921.320433,0
1532986921.342900,0
1532986921.365241,0
1532986921.389124,0
1532986921.410323,0
1532986921.432253,0
1532986921.453913,0
1532986921.476444,0
1532986921.497758,0
1532986921.517291,0
1532986921.536575,0
1532986921.556740,0
1532986921.575645,0
1532986921.594304,0
1532986921.613303,0
1532986921.632604,0
1532986921.653201,0
1532986921.673497,0
1532986921.695209,0
1532986921.715362,0
1532986921.737009,0
1532986921.757060,0
1532986921.777472,0
1532986921.796790,0
1532986921.815712,0
1532986921.836736,0
1532986921.855652,0
1532986921.876037,0
1532986921.894576,0
1532986921.913679,0
1532986921.931822,0
1532986921.950678,0
1532986921.970863,0
1532986921.990527,0
1532986922.009361,0
1532986922.029388,0
1532986922.047842,0
1532986922.066834,0
1532986922.085578,0
1532986922.105102,0
1532986922.125244,0
1532986922.145347,0
1532986922.166252,0
1532986922.185309,0
1532986922.203658,0
1532986922.222438,0
1532986922.241275,0
1532986922.260125,0
1532986922.280213,0
1532986922.298266,0
1532986922.317145,0
1532986922.335398,0
1532986922.354516,0
1532986922.373405,0
1532986922.392066,0
1532986922.411418,0
1532986922.430125,0
1532986922.448876,0
1532986922.467794,0
1532986922.485982,0
1532986922.505316,0
1532986922.523701,0
1532986922.542179,0
1532986922.560278,0
1532986922.578763,0
1532986922.596969,0
1532986922.615676,0
1532986922.634261,0
1532986922.651272,0
1532986922.667388,0
1532986922.683588,0
1532986922.699848,0
1532986922.716134,0
1532986922.732687,0
1532986922.749560,0
1532986922.766346,0
1532986922.783181,0
1532986922.800330,0
1532986922.817231,0
1532986922.834841,0
1532986922.851482,0
1532986922.867866,0
1532986922.885097,0
1532986922.901587,0
1532986922.918798,0
1532986922.934826,0
1532986922.952584,0
1532986922.969955,0
1532986922.986942,0
1532986923.004098,0
1532986923.020721,0
1532986923.037061,0
1532986923.054340,0
1532986923.072192,0
1532986923.088856,0
1532986923.106721,0
1532986923.124144,0
1532986923.140608,0
1532986923.157445,0
1532986923.173985,0
1532986923.190611,0
1532986923.208597,0
1532986923.226739,0
1532986923.244048,0
1532986923.261135,0
1532986923.277205,0
1532986923.294419,0
1532986923.311953,0
1532986923.329667,0
1532986923.347657,0
1532986923.365736,0
1532986923.385296,0
1532986923.403211,0
1532986923.421853,0
1532986923.440212,0
1532986923.458015,0
1532986923.475918,0
1532986923.493191,0
1532986923.510273,0
1532986923.527650,0
1532986923.544997,0
1532986923.562016,0
1532986923.578995,0
1532986923.595807,0
1532986923.612698,0
1532986923.629991,0
1532986923.646890,0
1532986923.664963,0
1532986923.682094,0
1532986923.699949,0
1532986923.717105,0
1532986923.734315,0
1532986923.752211,0
1532986923.771618,0
1532986923.790772,0
1532986923.808956,0
1532986923.827092,0
1532986923.844372,0
1532986923.863404,0
1532986923.882502,0
1532986923.900671,0
1532986923.920183,0
1532986923.938878,0
1532986923.957363,0
1532986923.976847,0
1532986923.995110,0
1532986924.012944,0
1532986924.030518,0
1532986924.047731,0
1532986924.065144,0
1532986924.081862,0
1532986924.099754,0
1532986924.118206,0
1532986924.136150,0
1532986924.153700,0
1532986924.172530,0
1532986924.189660,0
1532986924.206721,0
1532986924.223762,0
1532986924.240942,0
1532986924.258122,0
1532986924.275603,0
1532986924.294200,0
1532986924.311914,0
1532986924.329282,0
1532986924.347003,0
1532986924.364876,0
1532986924.383174,0
1532986924.402608,0
1532986924.421501,0
1532986924.440067,0
1532986924.458337,0
1532986924.477287,0
1532986924.495116,0
1532986924.514957,0
1532986924.532615,0
1532986924.550988,0
1532986924.568972,0
1532986924.586098,0
1532986924.603407,0
1532986924.623151,0
1532986924.640346,0
1532986924.657254,0
1532986924.674412,0
1532986924.691909,0
1532986924.709058,0
1532986924.726518,0
1532986924.745082,0
1532986924.763164,0
1532986924.781267,0
1532986924.800163,0
1532986924.818932,0
1532986924.836304,0
1532986924.854561,0
1532986924.873936,0
1532986924.891812,0
1532986924.909121,0
1532986924.927451,0
1532986924.944456,0
1532986924.962432,0
1532986924.980958,0
1532986924.999288,0
1532986925.016578,0
1532986925.034255,0
1532986925.051789,0
1532986925.069142,0
1532986925.088035,0
1532986925.105964,0
1532986925.125417,0
1532986925.144474,0
1532986925.164265,0
1532986925.183114,0
1532986925.201436,0
1532986925.219576,0
1532986925.238863,0
1532986925.257591,0
1532986925.276803,0
1532986925.294253,0
1532986925.312583,0
1532986925.330142,0
1532986925.347764,0
1532986925.365311,0
1532986925.383992,0
1532986925.401072,0
1532986925.418780,0
1532986925.435995,0
1532986925.453771,0
1532986925.472266,0
1532986925.490591,0
1532986925.508847,0
1532986925.526737,0
1532986925.544538,0
1532986925.561954,0
1532986925.579421,0
1532986925.596661,0
1532986925.614053,0
1532986925.631696,0
1532986925.650432,0
1532986925.669147,0
1532986925.686385,0
1532986925.704412,0
1532986925.721382,0
1532986925.739199,0
1532986925.756632,0
1532986925.774178,0
1532986925.792170,0
1532986925.809918,0
1532986925.829085,0
1532986925.848275,0
1532986925.865587,0
1532986925.882773,0
1532986925.900041,0
1532986925.917065,0
1532986925.934735,0
1532986925.952410,0
1532986925.969916,0
1532986925.987403,0
1532986926.004788,0
1532986926.022352,0
1532986926.040050,0
1532986926.058219,0
1532986926.075519,0
1532986926.093334,0
1532986926.110295,0
1532986926.128204,0
1532986926.145942,0
1532986926.162718,0
1532986926.179813,0
1532986926.196589,0
1532986926.213728,0
1532986926.231009,0
1532986926.248203,0
1532986926.265526,0
1532986926.282477,0
1532986926.299517,0
1532986926.317210,0
1532986926.334122,0
1532986926.351256,0
1532986926.368563,0
1532986926.386070,0
1532986926.403178,0
1532986926.419677,0
1532986926.435908,0
1532986926.452422,0
1532986926.469142,0
1532986926.485579,0
1532986926.502178,0
1532986926.518850,0
1532986926.535895,0
1532986926.552838,0
1532986926.569696,0
1532986926.586105,0
1532986926.602886,0
1532986926.619605,0
1532986926.635852,0
1532986926.653322,0
1532986926.669549,0
1532986926.686352,0
1532986926.702884,0
1532986926.719172,0
1532986926.735458,0
1532986926.752009,0
1532986926.768661,0
1532986926.785442,0
1532986926.802160,0
1532986926.818597,0
1532986926.835020,0
1532986926.851523,0
1532986926.867893,0
1532986926.885156,0
1532986926.902228,0
1532986926.918922,0
1532986926.935467,0
1532986926.952605,0
1532986926.968864,0
1532986926.984929,0
1532986927.001129,0
1532986927.017483,0
1532986927.033822,0
1532986927.050283,0
1532986927.066996,0
1532986927.083567,0
1532986927.100551,0
1532986927.117572,0
1532986927.134797,0
1532986927.151722,0
1532986927.168601,0
1532986927.185002,0
1532986927.202491,0
1532986927.218400,0
1532986927.234507,0
1532986927.250730,0
1532986927.266668,0
1532986927.283273,0
1532986927.299887,0
1532986927.317059,0
1532986927.335228,0
1532986927.351435,0
1532986927.367802,0
1532986927.386143,0
1532986927.403439,0
1532986927.420210,0
1532986927.436532,0
1532986927.453655,0
1532986927.470859,0
1532986927.487309,0
1532986927.504034,0
1532986927.520924,0
1532986927.537305,0
1532986927.553974,0
1532986927.570348,0
1532986927.586467,0
1532986927.602622,0
1532986927.620166,0
1532986927.636602,0
1532986927.652851,0
1532986927.669448,0
1532986927.685807,0
1532986927.702255,0
1532986927.719267,0
1532986927.735711,0
1532986927.752043,0
1532986927.768391,0
1532986927.784315,0
1532986927.800563,0
1532986927.817142,0
1532986927.833504,0
1532986927.850098,0
1532986927.866688,0
1532986927.882782,0
1532986927.899310,0
1532986927.915902,0
1532986927.932194,0
1532986927.948437,0
1532986927.964682,0
1532986927.982181,0
1532986927.998592,0
1532986928.014812,0
1532986928.032072,0
1532986928.050654,0
1532986928.068652,0
1532986928.084841,0
1532986928.101042,0
1532986928.117686,0
1532986928.134694,0
1532986928.151008,0
1532986928.167922,0
1532986928.184118,0
1532986928.200273,0
1532986928.217069,0
1532986928.233161,0
1532986928.249668,0
1532986928.265948,0
1532986928.281972,0
1532986928.298609,0
1532986928.314959,0
1532986928.331317,0
1532986928.347947,0
1532986928.364340,0
1532986928.380723,0
1532986928.397670,0
1532986928.414692,0
1532986928.431152,0
1532986928.447243,0
1532986928.464461,0
1532986928.482103,0
1532986928.498417,0
1532986928.514412,0
1532986928.530705,0
1532986928.547354,0
1532986928.563688,0
1532986928.580009,0
1532986928.596494,0
1532986928.613196,0
1532986928.630328,0
1532986928.646768,0
1532986928.664600,0
1532986928.681281,0
1532986928.699506,0
1532986928.716108,0
1532986928.732594,0
1532986928.748841,0
1532986928.765445,0
1532986928.781756,0
1532986928.799882,0
1532986928.817420,0
1532986928.834069,0
1532986928.850774,0
1532986928.867870,0
1532986928.884348,0
1532986928.901328,0
1532986928.919023,0
1532986928.937456,0
1532986928.983974,0
1532986929.028146,0
1532986929.061759,0
1532986929.091116,0
1532986929.116916,0
1532986929.138997,0
1532986929.157812,0
1532986929.174758,0
1532986929.191104,0
1532986929.207602,0
1532986929.224431,0
1532986929.240761,0
1532986929.257195,0
1532986929.273664,0
1532986929.289851,0
1532986929.306087,0
1532986929.322728,0
1532986929.339008,0
1532986929.357845,0
1532986929.375004,0
1532986929.391806,0
1532986929.409700,0
1532986929.426567,0
1532986929.443382,0
1532986929.460569,0
1532986929.478483,0
1532986929.495313,0
1532986929.512579,0
1532986929.529925,0
1532986929.546797,0
1532986929.564448,0
1532986929.581135,0
1532986929.598564,0
1532986929.615519,0
1532986929.634051,0
1532986929.651780,0
1532986929.668794,0
1532986929.686012,0
1532986929.702631,0
1532986929.719537,0
1532986929.736619,0
1532986929.754226,0
1532986929.770979,0
1532986929.787327,0
1532986929.804286,0
1532986929.820886,0
1532986929.837279,0
1532986929.854045,0
1532986929.870777,0
1532986929.887265,0
1532986929.904291,0
1532986929.921120,0
1532986929.938774,0
1532986929.955642,0
1532986929.972918,0
1532986929.990477,0
1532986930.006759,0
1532986930.023184,0
1532986930.039595,0
1532986930.055924,0
1532986930.072486,0
1532986930.088589,0
1532986930.104651,0
1532986930.121160,0
1532986930.137608,0
1532986930.153963,0
1532986930.170275,0
1532986930.186564,0
1532986930.202718,0
1532986930.219406,0
1532986930.235398,0
1532986930.251730,0
1532986930.268340,0
1532986930.284730,0
1532986930.301056,0
1532986930.318022,0
1532986930.334543,0
1532986930.351635,0
1532986930.368106,0
1532986930.384970,0
1532986930.403083,0
1532986930.420765,0
1532986930.438613,0
1532986930.456231,0
1532986930.474274,0
1532986930.492575,0
1532986930.510258,0
1532986930.527476,0
1532986930.544736,0
1532986930.561823,0
1532986930.579426,0
1532986930.596232,0
1532986930.613388,0
1532986930.630521,0
1532986930.646937,0
1532986930.663468,0
1532986930.679850,0
1532986930.696048,0
1532986930.712993,0
1532986930.729292,0
1532986930.745178,0
1532986930.761963,0
1532986930.778102,0
1532986930.794667,0
1532986930.813073,0
1532986930.831981,0
1532986930.851153,0
1532986930.868274,0
1532986930.886683,0
1532986930.903407,0
1532986930.921191,0
1532986930.938053,0
1532986930.955406,0
1532986930.974302,0
1532986930.992464,0
1532986931.009887,0
1532986931.028443,0
1532986931.046075,0
1532986931.064063,0
1532986931.082298,0
1532986931.099052,0
1532986931.117786,0
1532986931.136383,0
1532986931.154673,0
1532986931.172237,0
1532986931.191442,0
1532986931.208289,0
1532986931.225276,0
1532986931.242085,0
1532986931.258960,0
1532986931.276110,0
1532986931.293432,0
1532986931.310080,0
1532986931.327320,0
1532986931.344577,0
1532986931.362202,0
1532986931.381125,0
1532986931.399473,0
1532986931.417414,0
1532986931.435478,0
1532986931.453985,0
1532986931.472485,0
1532986931.491373,0
1532986931.509284,0
1532986931.527154,0
1532986931.544983,0
1532986931.562623,0
1532986931.579674,0
1532986931.598264,0
1532986931.615527,0
1532986931.633351,0
1532986931.650532,0
1532986931.666854,0
1532986931.684833,0
1532986931.701325,0
1532986931.718094,0
1532986931.735414,0
1532986931.753274,0
1532986931.770587,0
1532986931.788087,0
1532986931.806095,0
1532986931.822659,0
1532986931.841247,0
1532986931.859657,0
1532986931.876973,0
1532986931.894877,0
1532986931.912138,0
1532986931.929832,0
1532986931.946739,0
1532986931.965175,0
1532986931.983386,0
1532986932.001343,0
1532986932.019923,0
1532986932.038699,0
1532986932.056544,0
1532986932.074832,0
1532986932.093124,0
1532986932.111477,0
1532986932.130019,0
1532986932.147201,0
1532986932.165628,0
1532986932.183991,0
1532986932.200814,0
1532986932.218864,0
1532986932.235553,0
1532986932.253254,0
1532986932.271148,0
1532986932.287897,0
1532986932.305120,0
1532986932.323273,0
1532986932.340308,0
1532986932.357146,0
1532986932.374644,0
1532986932.393709,0
1532986932.411513,0
1532986932.431573,0
1532986932.448587,0
1532986932.466949,0
1532986932.486619,0
1532986932.505528,0
1532986932.523623,0
1532986932.541706,0
1532986932.558887,0
1532986932.576794,0
1532986932.595117,0
1532986932.613492,0
1532986932.631133,0
1532986932.649635,0
1532986932.667927,0
1532986932.685124,0
1532986932.701751,0
1532986932.718430,0
1532986932.735679,0
1532986932.752356,0
1532986932.769594,0
1532986932.788530,0
1532986932.807896,0
1532986932.825775,0
1532986932.844206,0
1532986932.862959,0
1532986932.881154,0
1532986932.899814,0
1532986932.916962,0
1532986932.935241,0
1532986932.953068,0
1532986932.970617,0
1532986932.988201,0
1532986933.005645,0
1532986933.022577,0
1532986933.039594,0
1532986933.058310,0
1532986933.076410,0
1532986933.094397,0
1532986933.110931,0
1532986933.129375,0
1532986933.148409,0
1532986933.165992,0
1532986933.183396,0
1532986933.200462,0
1532986933.217673,0
1532986933.235773,0
1532986933.253277,0
1532986933.271315,0
1532986933.289335,0
1532986933.307658,0
1532986933.324771,0
1532986933.341847,0
1532986933.358735,0
1532986933.376008,0
1532986933.393434,0
1532986933.411794,0
1532986933.429667,0
1532986933.446975,0
1532986933.463594,0
1532986933.482448,0
1532986933.500910,0
1532986933.519285,0
1532986933.536283,0
1532986933.553121,0
1532986933.570956,0
1532986933.587964,0
1532986933.605697,0
1532986933.623909,0
1532986933.641908,0
1532986933.660266,0
1532986933.678857,0
1532986933.697826,0
1532986933.716172,0
1532986933.734450,0
1532986933.752731,0
1532986933.770645,0
1532986933.787407,0
1532986933.804336,0
1532986933.825018,0
1532986933.842396,0
1532986933.860672,0
1532986933.878775,0
1532986933.894955,0
1532986933.911233,0
1532986933.928353,0
1532986933.945104,0
1532986933.962213,0
1532986933.980548,0
1532986933.999435,0
1532986934.016848,0
1532986934.058104,0
1532986934.101782,0
1532986934.142879,0
1532986934.173360,0
1532986934.204027,0
1532986934.233100,0
1532986934.259811,0
1532986934.285613,0
1532986934.305841,0
1532986934.324939,0
1532986934.345602,0
1532986934.367160,0
1532986934.387840,0
1532986934.406615,0
1532986934.425158,0
1532986934.444198,0
1532986934.462485,0
1532986934.483128,0
1532986934.502029,0
1532986934.521639,0
1532986934.541083,0
1532986934.559934,0
1532986934.579538,0
1532986934.600275,0
1532986934.617827,0
1532986934.634749,0
1532986934.652229,0
1532986934.670357,0
1532986934.687371,0
1532986934.706577,0
1532986934.725832,0
1532986934.745501,0
1532986934.764366,0
1532986934.782798,0
1532986934.801794,0
1532986934.819428,0
1532986934.837129,0
1532986934.855067,0
1532986934.872366,0
1532986934.890191,0
1532986934.907184,0
1532986934.925764,0
1532986934.944416,0
1532986934.962850,0
1532986934.982092,0
1532986934.999716,0
1532986935.016613,0
1532986935.033286,0
1532986935.049992,0
1532986935.066959,0
1532986935.083820,0
1532986935.100697,0
1532986935.117094,0
1532986935.134337,0
1532986935.152648,0
1532986935.170496,0
1532986935.187837,0
1532986935.205412,0
1532986935.223287,0
1532986935.240554,0
1532986935.259618,0
1532986935.279033,0
1532986935.297898,0
1532986935.318051,0
1532986935.335301,0
1532986935.353205,0
1532986935.370705,0
1532986935.388843,0
1532986935.407018,0
1532986935.424599,0
1532986935.442207,0
1532986935.459308,0
1532986935.476567,0
1532986935.493533,0
1532986935.510604,0
1532986935.527558,0
1532986935.544584,0
1532986935.561880,0
1532986935.581726,0
1532986935.599111,0
1532986935.615734,0
1532986935.632332,0
1532986935.649800,0
1532986935.667953,0
1532986935.686153,0
1532986935.703468,0
1532986935.721649,0
1532986935.741375,0
1532986935.758384,0
1532986935.777400,0
1532986935.796109,0
1532986935.814744,0
1532986935.834367,0
1532986935.852139,0
1532986935.869629,0
1532986935.887372,0
1532986935.905258,0
1532986935.922885,0
1532986935.940090,0
1532986935.957263,0
1532986935.976399,0
1532986935.993650,0
1532986936.011485,0
1532986936.029006,0
1532986936.046389,0
1532986936.064392,0
1532986936.083362,0
1532986936.100597,0
1532986936.119618,0
1532986936.136601,0
1532986936.154047,0
1532986936.171909,0
1532986936.189574,0
1532986936.207314,0
1532986936.224956,0
1532986936.242533,0
1532986936.260717,0
1532986936.279982,0
1532986936.297813,0
1532986936.317103,0
1532986936.335057,0
1532986936.353922,0
1532986936.372813,0
1532986936.391418,0
1532986936.410211,0
1532986936.428230,0
1532986936.445862,0
1532986936.463290,0
1532986936.480682,0
1532986936.498334,0
1532986936.515773,0
1532986936.532464,0
1532986936.550050,0
1532986936.567700,0
1532986936.585531,0
1532986936.602430,0
1532986936.619245,0
1532986936.637734,0
1532986936.655108,0
1532986936.672491,0
1532986936.691064,0
1532986936.708870,0
1532986936.726461,0
1532986936.745499,0
1532986936.762807,0
1532986936.782012,0
1532986936.801246,0
1532986936.819197,0
1532986936.837863,0
1532986936.855867,0
1532986936.873238,0
1532986936.891027,0
1532986936.909400,0
1532986936.927500,0
1532986936.946122,0
1532986936.964749,0
1532986936.984253,0
1532986937.000520,0
1532986937.018776,0
1532986937.035554,0
1532986937.054877,0
1532986937.072552,0
1532986937.090112,0
1532986937.107696,0
1532986937.125228,0
1532986937.142368,0
1532986937.161611,0
1532986937.181039,0
1532986937.199903,0
1532986937.217585,0
1532986937.235493,0
1532986937.253501,0
1532986937.274500,0
1532986937.292438,0
1532986937.310206,0
1532986937.328754,0
1532986937.347724,0
1532986937.365652,0
1532986937.384347,0
1532986937.402215,0
1532986937.419170,0
1532986937.436733,0
1532986937.453696,0
1532986937.471966,0
1532986937.489281,0
1532986937.506642,0
1532986937.524205,0
1532986937.542675,0
1532986937.559916,0
1532986937.577307,0
1532986937.594450,0
1532986937.611597,0
1532986937.629269,0
1532986937.646743,0
1532986937.663999,0
1532986937.681642,0
1532986937.700401,0
1532986937.719036,0
1532986937.736371,0
1532986937.755038,0
1532986937.772706,0
1532986937.791322,0
1532986937.810077,0
1532986937.828118,0
1532986937.846863,0
1532986937.864661,0
1532986937.881847,0
1532986937.899997,0
1532986937.918440,0
