2.75 21
2.76 21
2.75 21
2.75 21
2.75 21
6.12 996
2.75 21
10.49 998
2.74 22
4.87 996
2.77 21
8.79 996
2.73 22
11.37 996
2.76 21
8.60 996
2.77 21
10.83 996
2.77 21
11.42 997
1.03 24
4.50 640
11.54 996
1.03 24
6.50 304
1.01 24
1.00 24
1.00 24
1.00 24
1.00 24
2.78 21
4.97 24
0.99 24
11.57 996
1.01 24
1.00 24
1.02 24
2.73 22
4.98 24
1.01 24
10.79 997
1.03 24
7.57 995
11.50 156
1.01 24
1.02 24
5.33 11
9.64 13
1.86 14
9.88 13
11.62 991
5.40 11
1.86 13
9.80 13
9.70 13
9.69 13
9.95 13
1.84 14
1.86 14
2.12 14
11.64 991
11.64 136
2.43 14
11.64 101
11.64 79
11.55 40
8.23 22
7.57 21
7.32 21
7.09 21
6.86 19
6.21 17
5.91 17
5.71 17
5.53 17
5.64 17
5.60 17
6.10 17
5.96 17
6.07 16
6.80 17
6.86 18
6.66 17
6.92 18
7.19 19
6.99 19
6.44 18
6.52 18
6.82 19
6.77 19
6.55 18
6.73 18
6.76 18
6.59 18
4.87 15
4.59 14
4.22 14
5.88 17
7.25 32
7.84 63
8.00 63
8.50 63
9.17 63
9.47 63
9.91 63
11.25 63
9.69 18
5.08 15
2.66 14
2.68 14
2.59 14
2.59 14
2.52 14
2.48 14
2.49 14
2.50 14
2.53 14
2.46 14
2.50 14
2.47 14
2.47 14
2.47 14
2.60 14
2.52 14
2.45 14
2.53 14
2.51 14
2.53 14
2.49 14
2.50 14
2.50 14
2.50 14
2.50 14
2.50 14
2.54 14
2.47 14
2.47 14
2.45 14
2.45 14
2.49 14
2.45 14
2.42 14
2.34 14
2.21 14
2.30 14
2.33 14
2.17 14
2.15 14
2.14 14
2.23 14
2.13 14
2.11 14
2.13 14
2.12 14
2.27 14
2.06 14
2.21 14
2.30 14
2.18 14
2.28 14
2.54 14
2.56 14
2.51 14
2.41 14
2.36 14
2.34 14
2.55 14
2.42 14
2.68 14
2.64 13
2.53 14
2.46 14
2.44 14
2.26 14
2.14 14
2.21 14
2.22 14
2.30 14
2.52 14
2.15 14
2.64 14
2.20 14
2.43 13
2.15 14
2.22 14
2.30 13
2.24 14
2.35 13
2.33 14
2.21 14
2.26 14
2.28 14
2.30 14
2.36 14
2.36 13
2.51 14
2.61 14
2.83 13
4.85 14
5.45 13
5.23 13
4.22 14
4.38 13
5.61 13
3.34 14
5.45 15
2.85 14
11.51 64
2.49 13
2.23 13
5.22 11
5.25 11
5.41 11
5.40 11
5.40 11
4.09 13
4.10 13
4.10 13
4.10 13
4.11 13
4.11 13
4.11 13
4.10 13
4.09 13
4.08 13
4.07 13
4.07 13
4.06 13
4.06 13
4.05 13
